accepted,arrival_idx,belief_alpha,belief_beta,belief_prob_success,bundle_accepted,chosen_pv_id,context_commodity_value,context_customer_type,context_season,customer_max_wtp,inventory_after,inventory_before,offer_made,offered_price,offered_price_per_unit,pacing_budget,phase,price_level,product_id,quantity,revenue_inc,t,total_offered_price,total_revenue_inc
1,0,,,,,,,,,47821.54,438.0,450.0,1,47821.54,,,oracle,,,,47821.54,345,,
1,0,,,,,,,,,47718.0,423.0,438.0,1,47718.0,,,oracle,,,,47718.0,445,,
1,0,,,,,,,,,46740.7,411.0,423.0,1,46740.7,,,oracle,,,,46740.7,135,,
1,1,,,,,,,,,42460.8,397.0,411.0,1,42460.8,,,oracle,,,,42460.8,452,,
1,6,,,,,,,,,39580.45,386.0,397.0,1,39580.45,,,oracle,,,,39580.45,228,,
1,1,,,,,,,,,39449.16,374.0,386.0,1,39449.16,,,oracle,,,,39449.16,470,,
1,1,,,,,,,,,38522.83,360.0,374.0,1,38522.83,,,oracle,,,,38522.83,433,,
1,1,,,,,,,,,37869.3,349.0,360.0,1,37869.3,,,oracle,,,,37869.3,57,,
1,0,,,,,,,,,37255.26,337.0,349.0,1,37255.26,,,oracle,,,,37255.26,200,,
1,1,,,,,,,,,37167.78,329.0,337.0,1,37167.78,,,oracle,,,,37167.78,147,,
1,0,,,,,,,,,36990.48,321.0,329.0,1,36990.48,,,oracle,,,,36990.48,107,,
1,7,,,,,,,,,36922.03,311.0,321.0,1,36922.03,,,oracle,,,,36922.03,300,,
1,0,,,,,,,,,36684.02,300.0,311.0,1,36684.02,,,oracle,,,,36684.02,313,,
1,3,,,,,,,,,36587.71,291.0,300.0,1,36587.71,,,oracle,,,,36587.71,146,,
1,1,,,,,,,,,36401.88,281.0,291.0,1,36401.88,,,oracle,,,,36401.88,153,,
1,2,,,,,,,,,36270.57,272.0,281.0,1,36270.57,,,oracle,,,,36270.57,313,,
1,1,,,,,,,,,35713.56,260.0,272.0,1,35713.56,,,oracle,,,,35713.56,10,,
1,3,,,,,,,,,35625.13,250.0,260.0,1,35625.13,,,oracle,,,,35625.13,300,,
1,3,,,,,,,,,34993.78,242.0,250.0,1,34993.78,,,oracle,,,,34993.78,260,,
1,3,,,,,,,,,34488.23,234.0,242.0,1,34488.23,,,oracle,,,,34488.23,223,,
1,2,,,,,,,,,34401.17,227.0,234.0,1,34401.17,,,oracle,,,,34401.17,461,,
1,0,,,,,,,,,33749.86,217.0,227.0,1,33749.86,,,oracle,,,,33749.86,53,,
1,4,,,,,,,,,33715.28,206.0,217.0,1,33715.28,,,oracle,,,,33715.28,326,,
1,1,,,,,,,,,33416.13,196.0,206.0,1,33416.13,,,oracle,,,,33416.13,241,,
1,4,,,,,,,,,32814.88,187.0,196.0,1,32814.88,,,oracle,,,,32814.88,146,,
1,4,,,,,,,,,32805.48,177.0,187.0,1,32805.48,,,oracle,,,,32805.48,260,,
1,2,,,,,,,,,32078.52,168.0,177.0,1,32078.52,,,oracle,,,,32078.52,157,,
1,0,,,,,,,,,31883.2,160.0,168.0,1,31883.2,,,oracle,,,,31883.2,440,,
1,0,,,,,,,,,31758.89,152.0,160.0,1,31758.89,,,oracle,,,,31758.89,210,,
1,1,,,,,,,,,31749.56,140.0,152.0,1,31749.56,,,oracle,,,,31749.56,67,,
1,3,,,,,,,,,31687.45,131.0,140.0,1,31687.45,,,oracle,,,,31687.45,360,,
1,4,,,,,,,,,31508.0,122.0,131.0,1,31508.0,,,oracle,,,,31508.0,228,,
1,0,,,,,,,,,30937.45,113.0,122.0,1,30937.45,,,oracle,,,,30937.45,463,,
1,1,,,,,,,,,30904.42,103.0,113.0,1,30904.42,,,oracle,,,,30904.42,223,,
1,1,,,,,,,,,30823.78,96.0,103.0,1,30823.78,,,oracle,,,,30823.78,369,,
1,5,,,,,,,,,30781.53,88.0,96.0,1,30781.53,,,oracle,,,,30781.53,391,,
1,2,,,,,,,,,30752.49,81.0,88.0,1,30752.49,,,oracle,,,,30752.49,283,,
1,1,,,,,,,,,30747.84,71.0,81.0,1,30747.84,,,oracle,,,,30747.84,416,,
1,3,,,,,,,,,30697.46,60.0,71.0,1,30697.46,,,oracle,,,,30697.46,75,,
1,2,,,,,,,,,30559.34,51.0,60.0,1,30559.34,,,oracle,,,,30559.34,107,,
1,0,,,,,,,,,30549.52,41.0,51.0,1,30549.52,,,oracle,,,,30549.52,298,,
1,2,,,,,,,,,30546.72,32.0,41.0,1,30546.72,,,oracle,,,,30546.72,100,,
1,2,,,,,,,,,30511.02,22.0,32.0,1,30511.02,,,oracle,,,,30511.02,369,,
1,0,,,,,,,,,30349.87,14.0,22.0,1,30349.87,,,oracle,,,,30349.87,56,,
1,2,,,,,,,,,30341.3,8.0,14.0,1,30341.3,,,oracle,,,,30341.3,483,,
0,1,,,,,,,,,30321.64,8.0,8.0,1,30321.64,,,oracle,,,,0.0,132,,
1,1,,,,,,,,,30299.35,0.0,8.0,1,30299.35,,,oracle,,,,30299.35,31,,
0,1,,,,,,,,,30009.37,0.0,0.0,1,30009.37,,,oracle,,,,0.0,176,,
0,1,,,,,,,,,29992.71,0.0,0.0,1,29992.71,,,oracle,,,,0.0,315,,
0,0,,,,,,,,,29651.3,0.0,0.0,1,29651.3,,,oracle,,,,0.0,413,,
0,2,,,,,,,,,29633.44,0.0,0.0,1,29633.44,,,oracle,,,,0.0,500,,
0,3,,,,,,,,,29491.7,0.0,0.0,1,29491.7,,,oracle,,,,0.0,187,,
0,0,,,,,,,,,29491.23,0.0,0.0,1,29491.23,,,oracle,,,,0.0,212,,
0,0,,,,,,,,,29396.37,0.0,0.0,1,29396.37,,,oracle,,,,0.0,485,,
0,0,,,,,,,,,29176.78,0.0,0.0,1,29176.78,,,oracle,,,,0.0,15,,
0,0,,,,,,,,,29071.8,0.0,0.0,1,29071.8,,,oracle,,,,0.0,241,,
0,3,,,,,,,,,29037.18,0.0,0.0,1,29037.18,,,oracle,,,,0.0,167,,
0,2,,,,,,,,,28500.88,0.0,0.0,1,28500.88,,,oracle,,,,0.0,315,,
0,1,,,,,,,,,28294.88,0.0,0.0,1,28294.88,,,oracle,,,,0.0,324,,
0,4,,,,,,,,,28165.9,0.0,0.0,1,28165.9,,,oracle,,,,0.0,183,,
0,3,,,,,,,,,27898.76,0.0,0.0,1,27898.76,,,oracle,,,,0.0,239,,
0,1,,,,,,,,,27827.26,0.0,0.0,1,27827.26,,,oracle,,,,0.0,482,,
0,5,,,,,,,,,27784.15,0.0,0.0,1,27784.15,,,oracle,,,,0.0,54,,
0,0,,,,,,,,,27719.68,0.0,0.0,1,27719.68,,,oracle,,,,0.0,265,,
0,0,,,,,,,,,27695.46,0.0,0.0,1,27695.46,,,oracle,,,,0.0,165,,
0,4,,,,,,,,,27533.28,0.0,0.0,1,27533.28,,,oracle,,,,0.0,207,,
0,0,,,,,,,,,27497.26,0.0,0.0,1,27497.26,,,oracle,,,,0.0,1,,
0,0,,,,,,,,,27313.89,0.0,0.0,1,27313.89,,,oracle,,,,0.0,498,,
0,0,,,,,,,,,27131.59,0.0,0.0,1,27131.59,,,oracle,,,,0.0,370,,
0,1,,,,,,,,,27101.81,0.0,0.0,1,27101.81,,,oracle,,,,0.0,339,,
0,5,,,,,,,,,27003.0,0.0,0.0,1,27003.0,,,oracle,,,,0.0,377,,
0,0,,,,,,,,,26665.45,0.0,0.0,1,26665.45,,,oracle,,,,0.0,352,,
0,1,,,,,,,,,26541.26,0.0,0.0,1,26541.26,,,oracle,,,,0.0,232,,
0,3,,,,,,,,,26523.49,0.0,0.0,1,26523.49,,,oracle,,,,0.0,194,,
0,0,,,,,,,,,26481.85,0.0,0.0,1,26481.85,,,oracle,,,,0.0,148,,
0,5,,,,,,,,,26476.29,0.0,0.0,1,26476.29,,,oracle,,,,0.0,245,,
0,1,,,,,,,,,26474.77,0.0,0.0,1,26474.77,,,oracle,,,,0.0,198,,
0,0,,,,,,,,,26403.5,0.0,0.0,1,26403.5,,,oracle,,,,0.0,326,,
0,1,,,,,,,,,26376.17,0.0,0.0,1,26376.17,,,oracle,,,,0.0,33,,
0,0,,,,,,,,,26246.62,0.0,0.0,1,26246.62,,,oracle,,,,0.0,291,,
0,0,,,,,,,,,26241.19,0.0,0.0,1,26241.19,,,oracle,,,,0.0,63,,
0,2,,,,,,,,,26199.74,0.0,0.0,1,26199.74,,,oracle,,,,0.0,446,,
0,0,,,,,,,,,26157.1,0.0,0.0,1,26157.1,,,oracle,,,,0.0,240,,
0,0,,,,,,,,,26153.04,0.0,0.0,1,26153.04,,,oracle,,,,0.0,142,,
0,1,,,,,,,,,26107.31,0.0,0.0,1,26107.31,,,oracle,,,,0.0,268,,
0,2,,,,,,,,,26104.48,0.0,0.0,1,26104.48,,,oracle,,,,0.0,259,,
0,1,,,,,,,,,26052.0,0.0,0.0,1,26052.0,,,oracle,,,,0.0,80,,
0,1,,,,,,,,,26003.35,0.0,0.0,1,26003.35,,,oracle,,,,0.0,56,,
0,3,,,,,,,,,25956.95,0.0,0.0,1,25956.95,,,oracle,,,,0.0,230,,
0,3,,,,,,,,,25884.31,0.0,0.0,1,25884.31,,,oracle,,,,0.0,295,,
0,1,,,,,,,,,25842.74,0.0,0.0,1,25842.74,,,oracle,,,,0.0,141,,
0,2,,,,,,,,,25720.36,0.0,0.0,1,25720.36,,,oracle,,,,0.0,288,,
0,0,,,,,,,,,25650.59,0.0,0.0,1,25650.59,,,oracle,,,,0.0,28,,
0,2,,,,,,,,,25648.83,0.0,0.0,1,25648.83,,,oracle,,,,0.0,280,,
0,0,,,,,,,,,25639.04,0.0,0.0,1,25639.04,,,oracle,,,,0.0,303,,
0,0,,,,,,,,,25635.3,0.0,0.0,1,25635.3,,,oracle,,,,0.0,243,,
0,2,,,,,,,,,25563.68,0.0,0.0,1,25563.68,,,oracle,,,,0.0,205,,
0,1,,,,,,,,,25560.52,0.0,0.0,1,25560.52,,,oracle,,,,0.0,9,,
0,3,,,,,,,,,25514.23,0.0,0.0,1,25514.23,,,oracle,,,,0.0,274,,
0,0,,,,,,,,,25462.03,0.0,0.0,1,25462.03,,,oracle,,,,0.0,215,,
0,0,,,,,,,,,25409.43,0.0,0.0,1,25409.43,,,oracle,,,,0.0,281,,
0,0,,,,,,,,,25337.62,0.0,0.0,1,25337.62,,,oracle,,,,0.0,497,,
0,0,,,,,,,,,25273.91,0.0,0.0,1,25273.91,,,oracle,,,,0.0,359,,
0,3,,,,,,,,,25257.74,0.0,0.0,1,25257.74,,,oracle,,,,0.0,154,,
0,1,,,,,,,,,25245.35,0.0,0.0,1,25245.35,,,oracle,,,,0.0,164,,
0,1,,,,,,,,,25225.3,0.0,0.0,1,25225.3,,,oracle,,,,0.0,374,,
0,2,,,,,,,,,25179.72,0.0,0.0,1,25179.72,,,oracle,,,,0.0,127,,
0,1,,,,,,,,,25108.5,0.0,0.0,1,25108.5,,,oracle,,,,0.0,318,,
0,1,,,,,,,,,24989.39,0.0,0.0,1,24989.39,,,oracle,,,,0.0,29,,
0,1,,,,,,,,,24926.53,0.0,0.0,1,24926.53,,,oracle,,,,0.0,499,,
0,0,,,,,,,,,24888.24,0.0,0.0,1,24888.24,,,oracle,,,,0.0,97,,
0,0,,,,,,,,,24808.82,0.0,0.0,1,24808.82,,,oracle,,,,0.0,223,,
0,5,,,,,,,,,24733.54,0.0,0.0,1,24733.54,,,oracle,,,,0.0,197,,
0,4,,,,,,,,,24494.91,0.0,0.0,1,24494.91,,,oracle,,,,0.0,166,,
0,0,,,,,,,,,24454.57,0.0,0.0,1,24454.57,,,oracle,,,,0.0,329,,
0,3,,,,,,,,,24430.53,0.0,0.0,1,24430.53,,,oracle,,,,0.0,228,,
0,0,,,,,,,,,24366.85,0.0,0.0,1,24366.85,,,oracle,,,,0.0,253,,
0,2,,,,,,,,,24346.37,0.0,0.0,1,24346.37,,,oracle,,,,0.0,4,,
0,4,,,,,,,,,24291.27,0.0,0.0,1,24291.27,,,oracle,,,,0.0,154,,
0,1,,,,,,,,,24117.37,0.0,0.0,1,24117.37,,,oracle,,,,0.0,312,,
0,3,,,,,,,,,24102.18,0.0,0.0,1,24102.18,,,oracle,,,,0.0,96,,
0,2,,,,,,,,,24090.06,0.0,0.0,1,24090.06,,,oracle,,,,0.0,495,,
0,2,,,,,,,,,24072.16,0.0,0.0,1,24072.16,,,oracle,,,,0.0,147,,
0,0,,,,,,,,,24067.03,0.0,0.0,1,24067.03,,,oracle,,,,0.0,124,,
0,5,,,,,,,,,24062.32,0.0,0.0,1,24062.32,,,oracle,,,,0.0,289,,
0,0,,,,,,,,,23957.49,0.0,0.0,1,23957.49,,,oracle,,,,0.0,428,,
0,3,,,,,,,,,23953.33,0.0,0.0,1,23953.33,,,oracle,,,,0.0,212,,
0,0,,,,,,,,,23769.75,0.0,0.0,1,23769.75,,,oracle,,,,0.0,24,,
0,1,,,,,,,,,23749.69,0.0,0.0,1,23749.69,,,oracle,,,,0.0,208,,
0,2,,,,,,,,,23706.17,0.0,0.0,1,23706.17,,,oracle,,,,0.0,428,,
0,3,,,,,,,,,23663.39,0.0,0.0,1,23663.39,,,oracle,,,,0.0,485,,
0,0,,,,,,,,,23603.92,0.0,0.0,1,23603.92,,,oracle,,,,0.0,234,,
0,0,,,,,,,,,23593.25,0.0,0.0,1,23593.25,,,oracle,,,,0.0,191,,
0,0,,,,,,,,,23472.36,0.0,0.0,1,23472.36,,,oracle,,,,0.0,137,,
0,2,,,,,,,,,23410.01,0.0,0.0,1,23410.01,,,oracle,,,,0.0,464,,
0,1,,,,,,,,,23127.38,0.0,0.0,1,23127.38,,,oracle,,,,0.0,277,,
0,1,,,,,,,,,23047.49,0.0,0.0,1,23047.49,,,oracle,,,,0.0,422,,
0,2,,,,,,,,,23039.0,0.0,0.0,1,23039.0,,,oracle,,,,0.0,176,,
0,3,,,,,,,,,23030.74,0.0,0.0,1,23030.74,,,oracle,,,,0.0,188,,
0,0,,,,,,,,,22954.49,0.0,0.0,1,22954.49,,,oracle,,,,0.0,101,,
0,0,,,,,,,,,22882.62,0.0,0.0,1,22882.62,,,oracle,,,,0.0,242,,
0,3,,,,,,,,,22851.36,0.0,0.0,1,22851.36,,,oracle,,,,0.0,364,,
0,2,,,,,,,,,22826.37,0.0,0.0,1,22826.37,,,oracle,,,,0.0,114,,
0,0,,,,,,,,,22823.19,0.0,0.0,1,22823.19,,,oracle,,,,0.0,44,,
0,0,,,,,,,,,22818.65,0.0,0.0,1,22818.65,,,oracle,,,,0.0,47,,
0,3,,,,,,,,,22809.28,0.0,0.0,1,22809.28,,,oracle,,,,0.0,36,,
0,1,,,,,,,,,22801.4,0.0,0.0,1,22801.4,,,oracle,,,,0.0,23,,
0,2,,,,,,,,,22789.92,0.0,0.0,1,22789.92,,,oracle,,,,0.0,228,,
0,2,,,,,,,,,22630.43,0.0,0.0,1,22630.43,,,oracle,,,,0.0,47,,
0,0,,,,,,,,,22603.36,0.0,0.0,1,22603.36,,,oracle,,,,0.0,181,,
0,0,,,,,,,,,22597.19,0.0,0.0,1,22597.19,,,oracle,,,,0.0,290,,
0,0,,,,,,,,,22552.25,0.0,0.0,1,22552.25,,,oracle,,,,0.0,82,,
0,2,,,,,,,,,22528.4,0.0,0.0,1,22528.4,,,oracle,,,,0.0,239,,
0,2,,,,,,,,,22487.45,0.0,0.0,1,22487.45,,,oracle,,,,0.0,415,,
0,2,,,,,,,,,22423.74,0.0,0.0,1,22423.74,,,oracle,,,,0.0,116,,
0,1,,,,,,,,,22388.28,0.0,0.0,1,22388.28,,,oracle,,,,0.0,197,,
0,1,,,,,,,,,22366.83,0.0,0.0,1,22366.83,,,oracle,,,,0.0,12,,
0,0,,,,,,,,,22328.81,0.0,0.0,1,22328.81,,,oracle,,,,0.0,227,,
0,0,,,,,,,,,22212.21,0.0,0.0,1,22212.21,,,oracle,,,,0.0,403,,
0,1,,,,,,,,,22173.55,0.0,0.0,1,22173.55,,,oracle,,,,0.0,226,,
0,6,,,,,,,,,22171.42,0.0,0.0,1,22171.42,,,oracle,,,,0.0,391,,
0,3,,,,,,,,,22165.8,0.0,0.0,1,22165.8,,,oracle,,,,0.0,128,,
0,4,,,,,,,,,22032.93,0.0,0.0,1,22032.93,,,oracle,,,,0.0,107,,
0,2,,,,,,,,,22021.27,0.0,0.0,1,22021.27,,,oracle,,,,0.0,431,,
0,3,,,,,,,,,22016.96,0.0,0.0,1,22016.96,,,oracle,,,,0.0,211,,
0,0,,,,,,,,,21985.76,0.0,0.0,1,21985.76,,,oracle,,,,0.0,32,,
0,0,,,,,,,,,21818.41,0.0,0.0,1,21818.41,,,oracle,,,,0.0,116,,
0,0,,,,,,,,,21771.63,0.0,0.0,1,21771.63,,,oracle,,,,0.0,259,,
0,1,,,,,,,,,21762.09,0.0,0.0,1,21762.09,,,oracle,,,,0.0,1,,
0,0,,,,,,,,,21747.53,0.0,0.0,1,21747.53,,,oracle,,,,0.0,70,,
0,0,,,,,,,,,21741.88,0.0,0.0,1,21741.88,,,oracle,,,,0.0,252,,
0,3,,,,,,,,,21709.32,0.0,0.0,1,21709.32,,,oracle,,,,0.0,323,,
0,1,,,,,,,,,21688.63,0.0,0.0,1,21688.63,,,oracle,,,,0.0,210,,
0,2,,,,,,,,,21670.92,0.0,0.0,1,21670.92,,,oracle,,,,0.0,380,,
0,3,,,,,,,,,21660.5,0.0,0.0,1,21660.5,,,oracle,,,,0.0,245,,
0,2,,,,,,,,,21632.03,0.0,0.0,1,21632.03,,,oracle,,,,0.0,357,,
0,1,,,,,,,,,21623.38,0.0,0.0,1,21623.38,,,oracle,,,,0.0,204,,
0,0,,,,,,,,,21525.16,0.0,0.0,1,21525.16,,,oracle,,,,0.0,362,,
0,0,,,,,,,,,21422.53,0.0,0.0,1,21422.53,,,oracle,,,,0.0,207,,
0,2,,,,,,,,,21398.35,0.0,0.0,1,21398.35,,,oracle,,,,0.0,247,,
0,3,,,,,,,,,21394.09,0.0,0.0,1,21394.09,,,oracle,,,,0.0,483,,
0,1,,,,,,,,,21379.71,0.0,0.0,1,21379.71,,,oracle,,,,0.0,497,,
0,0,,,,,,,,,21336.31,0.0,0.0,1,21336.31,,,oracle,,,,0.0,42,,
0,3,,,,,,,,,21335.14,0.0,0.0,1,21335.14,,,oracle,,,,0.0,55,,
0,2,,,,,,,,,21228.5,0.0,0.0,1,21228.5,,,oracle,,,,0.0,341,,
0,3,,,,,,,,,21215.23,0.0,0.0,1,21215.23,,,oracle,,,,0.0,42,,
0,0,,,,,,,,,21113.66,0.0,0.0,1,21113.66,,,oracle,,,,0.0,130,,
0,4,,,,,,,,,21107.59,0.0,0.0,1,21107.59,,,oracle,,,,0.0,298,,
0,2,,,,,,,,,21094.51,0.0,0.0,1,21094.51,,,oracle,,,,0.0,350,,
0,2,,,,,,,,,21044.04,0.0,0.0,1,21044.04,,,oracle,,,,0.0,412,,
0,1,,,,,,,,,21030.74,0.0,0.0,1,21030.74,,,oracle,,,,0.0,275,,
0,2,,,,,,,,,20955.91,0.0,0.0,1,20955.91,,,oracle,,,,0.0,378,,
0,0,,,,,,,,,20949.73,0.0,0.0,1,20949.73,,,oracle,,,,0.0,389,,
0,1,,,,,,,,,20884.6,0.0,0.0,1,20884.6,,,oracle,,,,0.0,397,,
0,3,,,,,,,,,20863.98,0.0,0.0,1,20863.98,,,oracle,,,,0.0,163,,
0,3,,,,,,,,,20851.01,0.0,0.0,1,20851.01,,,oracle,,,,0.0,107,,
0,1,,,,,,,,,20812.12,0.0,0.0,1,20812.12,,,oracle,,,,0.0,291,,
0,0,,,,,,,,,20760.37,0.0,0.0,1,20760.37,,,oracle,,,,0.0,354,,
0,0,,,,,,,,,20754.67,0.0,0.0,1,20754.67,,,oracle,,,,0.0,100,,
0,0,,,,,,,,,20752.42,0.0,0.0,1,20752.42,,,oracle,,,,0.0,436,,
0,5,,,,,,,,,20689.5,0.0,0.0,1,20689.5,,,oracle,,,,0.0,315,,
0,0,,,,,,,,,20687.49,0.0,0.0,1,20687.49,,,oracle,,,,0.0,118,,
0,2,,,,,,,,,20658.88,0.0,0.0,1,20658.88,,,oracle,,,,0.0,281,,
0,1,,,,,,,,,20575.02,0.0,0.0,1,20575.02,,,oracle,,,,0.0,256,,
0,0,,,,,,,,,20571.44,0.0,0.0,1,20571.44,,,oracle,,,,0.0,144,,
0,1,,,,,,,,,20568.2,0.0,0.0,1,20568.2,,,oracle,,,,0.0,136,,
0,0,,,,,,,,,20554.1,0.0,0.0,1,20554.1,,,oracle,,,,0.0,204,,
0,4,,,,,,,,,20542.83,0.0,0.0,1,20542.83,,,oracle,,,,0.0,337,,
0,3,,,,,,,,,20515.72,0.0,0.0,1,20515.72,,,oracle,,,,0.0,136,,
0,1,,,,,,,,,20500.54,0.0,0.0,1,20500.54,,,oracle,,,,0.0,69,,
0,2,,,,,,,,,20489.97,0.0,0.0,1,20489.97,,,oracle,,,,0.0,503,,
0,0,,,,,,,,,20454.95,0.0,0.0,1,20454.95,,,oracle,,,,0.0,109,,
0,4,,,,,,,,,20435.62,0.0,0.0,1,20435.62,,,oracle,,,,0.0,263,,
0,1,,,,,,,,,20407.78,0.0,0.0,1,20407.78,,,oracle,,,,0.0,157,,
0,2,,,,,,,,,20392.23,0.0,0.0,1,20392.23,,,oracle,,,,0.0,155,,
0,2,,,,,,,,,20389.31,0.0,0.0,1,20389.31,,,oracle,,,,0.0,103,,
0,0,,,,,,,,,20376.23,0.0,0.0,1,20376.23,,,oracle,,,,0.0,424,,
0,3,,,,,,,,,20247.31,0.0,0.0,1,20247.31,,,oracle,,,,0.0,183,,
0,0,,,,,,,,,20190.37,0.0,0.0,1,20190.37,,,oracle,,,,0.0,466,,
0,1,,,,,,,,,20158.24,0.0,0.0,1,20158.24,,,oracle,,,,0.0,0,,
0,2,,,,,,,,,20119.02,0.0,0.0,1,20119.02,,,oracle,,,,0.0,477,,
0,0,,,,,,,,,20092.95,0.0,0.0,1,20092.95,,,oracle,,,,0.0,386,,
0,4,,,,,,,,,20082.22,0.0,0.0,1,20082.22,,,oracle,,,,0.0,324,,
0,0,,,,,,,,,20054.98,0.0,0.0,1,20054.98,,,oracle,,,,0.0,4,,
0,0,,,,,,,,,19958.03,0.0,0.0,1,19958.03,,,oracle,,,,0.0,36,,
0,0,,,,,,,,,19936.58,0.0,0.0,1,19936.58,,,oracle,,,,0.0,199,,
0,2,,,,,,,,,19933.56,0.0,0.0,1,19933.56,,,oracle,,,,0.0,109,,
0,2,,,,,,,,,19929.06,0.0,0.0,1,19929.06,,,oracle,,,,0.0,128,,
0,0,,,,,,,,,19891.66,0.0,0.0,1,19891.66,,,oracle,,,,0.0,51,,
0,3,,,,,,,,,19812.47,0.0,0.0,1,19812.47,,,oracle,,,,0.0,443,,
0,1,,,,,,,,,19753.54,0.0,0.0,1,19753.54,,,oracle,,,,0.0,276,,
0,4,,,,,,,,,19752.83,0.0,0.0,1,19752.83,,,oracle,,,,0.0,55,,
0,0,,,,,,,,,19748.3,0.0,0.0,1,19748.3,,,oracle,,,,0.0,221,,
0,1,,,,,,,,,19730.82,0.0,0.0,1,19730.82,,,oracle,,,,0.0,115,,
0,0,,,,,,,,,19659.2,0.0,0.0,1,19659.2,,,oracle,,,,0.0,339,,
0,1,,,,,,,,,19657.22,0.0,0.0,1,19657.22,,,oracle,,,,0.0,398,,
0,1,,,,,,,,,19612.89,0.0,0.0,1,19612.89,,,oracle,,,,0.0,150,,
0,1,,,,,,,,,19584.44,0.0,0.0,1,19584.44,,,oracle,,,,0.0,334,,
0,0,,,,,,,,,19583.04,0.0,0.0,1,19583.04,,,oracle,,,,0.0,229,,
0,3,,,,,,,,,19486.06,0.0,0.0,1,19486.06,,,oracle,,,,0.0,243,,
0,1,,,,,,,,,19431.15,0.0,0.0,1,19431.15,,,oracle,,,,0.0,408,,
0,1,,,,,,,,,19426.67,0.0,0.0,1,19426.67,,,oracle,,,,0.0,431,,
0,2,,,,,,,,,19413.9,0.0,0.0,1,19413.9,,,oracle,,,,0.0,241,,
0,0,,,,,,,,,19363.54,0.0,0.0,1,19363.54,,,oracle,,,,0.0,441,,
0,2,,,,,,,,,19352.45,0.0,0.0,1,19352.45,,,oracle,,,,0.0,297,,
0,2,,,,,,,,,19296.06,0.0,0.0,1,19296.06,,,oracle,,,,0.0,183,,
0,0,,,,,,,,,19291.55,0.0,0.0,1,19291.55,,,oracle,,,,0.0,363,,
0,0,,,,,,,,,19291.37,0.0,0.0,1,19291.37,,,oracle,,,,0.0,245,,
0,2,,,,,,,,,19263.21,0.0,0.0,1,19263.21,,,oracle,,,,0.0,255,,
0,2,,,,,,,,,19254.93,0.0,0.0,1,19254.93,,,oracle,,,,0.0,436,,
0,0,,,,,,,,,19247.41,0.0,0.0,1,19247.41,,,oracle,,,,0.0,122,,
0,0,,,,,,,,,19193.89,0.0,0.0,1,19193.89,,,oracle,,,,0.0,264,,
0,1,,,,,,,,,19185.42,0.0,0.0,1,19185.42,,,oracle,,,,0.0,186,,
0,0,,,,,,,,,19178.43,0.0,0.0,1,19178.43,,,oracle,,,,0.0,292,,
0,1,,,,,,,,,19172.04,0.0,0.0,1,19172.04,,,oracle,,,,0.0,152,,
0,1,,,,,,,,,19171.03,0.0,0.0,1,19171.03,,,oracle,,,,0.0,420,,
0,1,,,,,,,,,19153.68,0.0,0.0,1,19153.68,,,oracle,,,,0.0,168,,
0,4,,,,,,,,,19140.91,0.0,0.0,1,19140.91,,,oracle,,,,0.0,452,,
0,0,,,,,,,,,19126.24,0.0,0.0,1,19126.24,,,oracle,,,,0.0,166,,
0,3,,,,,,,,,19115.18,0.0,0.0,1,19115.18,,,oracle,,,,0.0,288,,
0,0,,,,,,,,,19086.12,0.0,0.0,1,19086.12,,,oracle,,,,0.0,262,,
0,4,,,,,,,,,19001.97,0.0,0.0,1,19001.97,,,oracle,,,,0.0,51,,
0,2,,,,,,,,,18954.64,0.0,0.0,1,18954.64,,,oracle,,,,0.0,317,,
0,5,,,,,,,,,18944.05,0.0,0.0,1,18944.05,,,oracle,,,,0.0,183,,
0,3,,,,,,,,,18942.58,0.0,0.0,1,18942.58,,,oracle,,,,0.0,83,,
0,0,,,,,,,,,18922.15,0.0,0.0,1,18922.15,,,oracle,,,,0.0,147,,
0,2,,,,,,,,,18916.24,0.0,0.0,1,18916.24,,,oracle,,,,0.0,493,,
0,0,,,,,,,,,18907.76,0.0,0.0,1,18907.76,,,oracle,,,,0.0,434,,
0,0,,,,,,,,,18896.68,0.0,0.0,1,18896.68,,,oracle,,,,0.0,112,,
0,1,,,,,,,,,18877.46,0.0,0.0,1,18877.46,,,oracle,,,,0.0,118,,
0,1,,,,,,,,,18837.36,0.0,0.0,1,18837.36,,,oracle,,,,0.0,55,,
0,2,,,,,,,,,18818.97,0.0,0.0,1,18818.97,,,oracle,,,,0.0,333,,
0,3,,,,,,,,,18774.8,0.0,0.0,1,18774.8,,,oracle,,,,0.0,466,,
0,3,,,,,,,,,18740.52,0.0,0.0,1,18740.52,,,oracle,,,,0.0,217,,
0,0,,,,,,,,,18712.05,0.0,0.0,1,18712.05,,,oracle,,,,0.0,432,,
0,1,,,,,,,,,18683.42,0.0,0.0,1,18683.42,,,oracle,,,,0.0,20,,
0,0,,,,,,,,,18676.53,0.0,0.0,1,18676.53,,,oracle,,,,0.0,310,,
0,1,,,,,,,,,18663.19,0.0,0.0,1,18663.19,,,oracle,,,,0.0,51,,
0,1,,,,,,,,,18657.09,0.0,0.0,1,18657.09,,,oracle,,,,0.0,154,,
0,3,,,,,,,,,18634.33,0.0,0.0,1,18634.33,,,oracle,,,,0.0,261,,
0,0,,,,,,,,,18601.52,0.0,0.0,1,18601.52,,,oracle,,,,0.0,183,,
0,4,,,,,,,,,18595.83,0.0,0.0,1,18595.83,,,oracle,,,,0.0,315,,
0,0,,,,,,,,,18568.07,0.0,0.0,1,18568.07,,,oracle,,,,0.0,129,,
0,3,,,,,,,,,18554.39,0.0,0.0,1,18554.39,,,oracle,,,,0.0,257,,
0,3,,,,,,,,,18524.9,0.0,0.0,1,18524.9,,,oracle,,,,0.0,391,,
0,0,,,,,,,,,18518.79,0.0,0.0,1,18518.79,,,oracle,,,,0.0,353,,
0,0,,,,,,,,,18480.34,0.0,0.0,1,18480.34,,,oracle,,,,0.0,174,,
0,0,,,,,,,,,18430.82,0.0,0.0,1,18430.82,,,oracle,,,,0.0,206,,
0,2,,,,,,,,,18284.79,0.0,0.0,1,18284.79,,,oracle,,,,0.0,217,,
0,3,,,,,,,,,18274.75,0.0,0.0,1,18274.75,,,oracle,,,,0.0,445,,
0,2,,,,,,,,,18264.93,0.0,0.0,1,18264.93,,,oracle,,,,0.0,177,,
0,1,,,,,,,,,18239.71,0.0,0.0,1,18239.71,,,oracle,,,,0.0,106,,
0,2,,,,,,,,,18214.08,0.0,0.0,1,18214.08,,,oracle,,,,0.0,272,,
0,2,,,,,,,,,18192.72,0.0,0.0,1,18192.72,,,oracle,,,,0.0,273,,
0,1,,,,,,,,,18182.02,0.0,0.0,1,18182.02,,,oracle,,,,0.0,167,,
0,5,,,,,,,,,18120.59,0.0,0.0,1,18120.59,,,oracle,,,,0.0,364,,
0,0,,,,,,,,,18116.48,0.0,0.0,1,18116.48,,,oracle,,,,0.0,333,,
0,3,,,,,,,,,18097.51,0.0,0.0,1,18097.51,,,oracle,,,,0.0,294,,
0,0,,,,,,,,,18058.81,0.0,0.0,1,18058.81,,,oracle,,,,0.0,88,,
0,4,,,,,,,,,18041.34,0.0,0.0,1,18041.34,,,oracle,,,,0.0,377,,
0,0,,,,,,,,,18022.48,0.0,0.0,1,18022.48,,,oracle,,,,0.0,92,,
0,0,,,,,,,,,18020.86,0.0,0.0,1,18020.86,,,oracle,,,,0.0,268,,
0,1,,,,,,,,,18006.76,0.0,0.0,1,18006.76,,,oracle,,,,0.0,133,,
0,2,,,,,,,,,17988.84,0.0,0.0,1,17988.84,,,oracle,,,,0.0,320,,
0,2,,,,,,,,,17981.38,0.0,0.0,1,17981.38,,,oracle,,,,0.0,40,,
0,6,,,,,,,,,17959.71,0.0,0.0,1,17959.71,,,oracle,,,,0.0,183,,
0,1,,,,,,,,,17929.17,0.0,0.0,1,17929.17,,,oracle,,,,0.0,46,,
0,3,,,,,,,,,17913.4,0.0,0.0,1,17913.4,,,oracle,,,,0.0,101,,
0,3,,,,,,,,,17905.52,0.0,0.0,1,17905.52,,,oracle,,,,0.0,125,,
0,2,,,,,,,,,17901.03,0.0,0.0,1,17901.03,,,oracle,,,,0.0,382,,
0,2,,,,,,,,,17894.96,0.0,0.0,1,17894.96,,,oracle,,,,0.0,456,,
0,3,,,,,,,,,17875.96,0.0,0.0,1,17875.96,,,oracle,,,,0.0,204,,
0,2,,,,,,,,,17870.1,0.0,0.0,1,17870.1,,,oracle,,,,0.0,291,,
0,0,,,,,,,,,17868.31,0.0,0.0,1,17868.31,,,oracle,,,,0.0,3,,
0,3,,,,,,,,,17859.61,0.0,0.0,1,17859.61,,,oracle,,,,0.0,470,,
0,2,,,,,,,,,17839.82,0.0,0.0,1,17839.82,,,oracle,,,,0.0,162,,
0,3,,,,,,,,,17814.08,0.0,0.0,1,17814.08,,,oracle,,,,0.0,286,,
0,1,,,,,,,,,17771.36,0.0,0.0,1,17771.36,,,oracle,,,,0.0,280,,
0,1,,,,,,,,,17761.93,0.0,0.0,1,17761.93,,,oracle,,,,0.0,264,,
0,0,,,,,,,,,17705.1,0.0,0.0,1,17705.1,,,oracle,,,,0.0,167,,
0,0,,,,,,,,,17696.93,0.0,0.0,1,17696.93,,,oracle,,,,0.0,493,,
0,2,,,,,,,,,17686.15,0.0,0.0,1,17686.15,,,oracle,,,,0.0,10,,
0,1,,,,,,,,,17656.76,0.0,0.0,1,17656.76,,,oracle,,,,0.0,290,,
0,1,,,,,,,,,17636.22,0.0,0.0,1,17636.22,,,oracle,,,,0.0,447,,
0,3,,,,,,,,,17580.8,0.0,0.0,1,17580.8,,,oracle,,,,0.0,129,,
0,1,,,,,,,,,17574.15,0.0,0.0,1,17574.15,,,oracle,,,,0.0,450,,
0,1,,,,,,,,,17568.07,0.0,0.0,1,17568.07,,,oracle,,,,0.0,169,,
0,4,,,,,,,,,17567.1,0.0,0.0,1,17567.1,,,oracle,,,,0.0,76,,
0,0,,,,,,,,,17558.31,0.0,0.0,1,17558.31,,,oracle,,,,0.0,251,,
0,0,,,,,,,,,17528.64,0.0,0.0,1,17528.64,,,oracle,,,,0.0,444,,
0,3,,,,,,,,,17493.3,0.0,0.0,1,17493.3,,,oracle,,,,0.0,15,,
0,2,,,,,,,,,17487.78,0.0,0.0,1,17487.78,,,oracle,,,,0.0,39,,
0,1,,,,,,,,,17487.12,0.0,0.0,1,17487.12,,,oracle,,,,0.0,188,,
0,2,,,,,,,,,17430.51,0.0,0.0,1,17430.51,,,oracle,,,,0.0,462,,
0,0,,,,,,,,,17418.08,0.0,0.0,1,17418.08,,,oracle,,,,0.0,208,,
0,2,,,,,,,,,17341.18,0.0,0.0,1,17341.18,,,oracle,,,,0.0,27,,
0,3,,,,,,,,,17322.59,0.0,0.0,1,17322.59,,,oracle,,,,0.0,13,,
0,0,,,,,,,,,17297.21,0.0,0.0,1,17297.21,,,oracle,,,,0.0,175,,
0,2,,,,,,,,,17289.1,0.0,0.0,1,17289.1,,,oracle,,,,0.0,143,,
0,0,,,,,,,,,17289.06,0.0,0.0,1,17289.06,,,oracle,,,,0.0,76,,
0,0,,,,,,,,,17264.58,0.0,0.0,1,17264.58,,,oracle,,,,0.0,30,,
0,1,,,,,,,,,17263.14,0.0,0.0,1,17263.14,,,oracle,,,,0.0,193,,
0,2,,,,,,,,,17239.66,0.0,0.0,1,17239.66,,,oracle,,,,0.0,252,,
0,0,,,,,,,,,17209.94,0.0,0.0,1,17209.94,,,oracle,,,,0.0,164,,
0,0,,,,,,,,,17177.84,0.0,0.0,1,17177.84,,,oracle,,,,0.0,73,,
0,1,,,,,,,,,17170.11,0.0,0.0,1,17170.11,,,oracle,,,,0.0,468,,
0,2,,,,,,,,,17130.62,0.0,0.0,1,17130.62,,,oracle,,,,0.0,160,,
0,0,,,,,,,,,17102.07,0.0,0.0,1,17102.07,,,oracle,,,,0.0,235,,
0,0,,,,,,,,,17098.19,0.0,0.0,1,17098.19,,,oracle,,,,0.0,273,,
0,2,,,,,,,,,17068.0,0.0,0.0,1,17068.0,,,oracle,,,,0.0,129,,
0,3,,,,,,,,,17012.26,0.0,0.0,1,17012.26,,,oracle,,,,0.0,178,,
0,3,,,,,,,,,17008.34,0.0,0.0,1,17008.34,,,oracle,,,,0.0,160,,
0,0,,,,,,,,,16973.68,0.0,0.0,1,16973.68,,,oracle,,,,0.0,67,,
0,1,,,,,,,,,16962.44,0.0,0.0,1,16962.44,,,oracle,,,,0.0,314,,
0,0,,,,,,,,,16927.47,0.0,0.0,1,16927.47,,,oracle,,,,0.0,216,,
0,0,,,,,,,,,16916.39,0.0,0.0,1,16916.39,,,oracle,,,,0.0,169,,
0,1,,,,,,,,,16905.51,0.0,0.0,1,16905.51,,,oracle,,,,0.0,96,,
0,1,,,,,,,,,16847.99,0.0,0.0,1,16847.99,,,oracle,,,,0.0,59,,
0,3,,,,,,,,,16837.11,0.0,0.0,1,16837.11,,,oracle,,,,0.0,110,,
0,1,,,,,,,,,16825.81,0.0,0.0,1,16825.81,,,oracle,,,,0.0,292,,
0,3,,,,,,,,,16808.0,0.0,0.0,1,16808.0,,,oracle,,,,0.0,164,,
0,2,,,,,,,,,16806.1,0.0,0.0,1,16806.1,,,oracle,,,,0.0,299,,
0,4,,,,,,,,,16781.44,0.0,0.0,1,16781.44,,,oracle,,,,0.0,364,,
0,1,,,,,,,,,16761.54,0.0,0.0,1,16761.54,,,oracle,,,,0.0,399,,
0,3,,,,,,,,,16707.62,0.0,0.0,1,16707.62,,,oracle,,,,0.0,431,,
0,1,,,,,,,,,16705.96,0.0,0.0,1,16705.96,,,oracle,,,,0.0,459,,
0,1,,,,,,,,,16680.87,0.0,0.0,1,16680.87,,,oracle,,,,0.0,104,,
0,1,,,,,,,,,16680.55,0.0,0.0,1,16680.55,,,oracle,,,,0.0,307,,
0,0,,,,,,,,,16678.45,0.0,0.0,1,16678.45,,,oracle,,,,0.0,257,,
0,1,,,,,,,,,16641.54,0.0,0.0,1,16641.54,,,oracle,,,,0.0,247,,
0,1,,,,,,,,,16622.84,0.0,0.0,1,16622.84,,,oracle,,,,0.0,255,,
0,1,,,,,,,,,16611.07,0.0,0.0,1,16611.07,,,oracle,,,,0.0,110,,
0,3,,,,,,,,,16596.83,0.0,0.0,1,16596.83,,,oracle,,,,0.0,462,,
0,2,,,,,,,,,16587.83,0.0,0.0,1,16587.83,,,oracle,,,,0.0,58,,
0,0,,,,,,,,,16577.62,0.0,0.0,1,16577.62,,,oracle,,,,0.0,387,,
0,0,,,,,,,,,16548.77,0.0,0.0,1,16548.77,,,oracle,,,,0.0,357,,
0,1,,,,,,,,,16538.0,0.0,0.0,1,16538.0,,,oracle,,,,0.0,286,,
0,0,,,,,,,,,16523.92,0.0,0.0,1,16523.92,,,oracle,,,,0.0,274,,
0,2,,,,,,,,,16507.73,0.0,0.0,1,16507.73,,,oracle,,,,0.0,50,,
0,3,,,,,,,,,16503.07,0.0,0.0,1,16503.07,,,oracle,,,,0.0,477,,
0,2,,,,,,,,,16500.75,0.0,0.0,1,16500.75,,,oracle,,,,0.0,499,,
0,3,,,,,,,,,16496.12,0.0,0.0,1,16496.12,,,oracle,,,,0.0,281,,
0,4,,,,,,,,,16465.12,0.0,0.0,1,16465.12,,,oracle,,,,0.0,13,,
0,1,,,,,,,,,16456.72,0.0,0.0,1,16456.72,,,oracle,,,,0.0,224,,
0,0,,,,,,,,,16451.17,0.0,0.0,1,16451.17,,,oracle,,,,0.0,106,,
0,2,,,,,,,,,16438.73,0.0,0.0,1,16438.73,,,oracle,,,,0.0,274,,
0,1,,,,,,,,,16359.7,0.0,0.0,1,16359.7,,,oracle,,,,0.0,231,,
0,3,,,,,,,,,16322.54,0.0,0.0,1,16322.54,,,oracle,,,,0.0,229,,
0,1,,,,,,,,,16308.37,0.0,0.0,1,16308.37,,,oracle,,,,0.0,490,,
0,2,,,,,,,,,16294.69,0.0,0.0,1,16294.69,,,oracle,,,,0.0,190,,
0,2,,,,,,,,,16247.51,0.0,0.0,1,16247.51,,,oracle,,,,0.0,173,,
0,0,,,,,,,,,16213.11,0.0,0.0,1,16213.11,,,oracle,,,,0.0,501,,
0,1,,,,,,,,,16166.98,0.0,0.0,1,16166.98,,,oracle,,,,0.0,101,,
0,1,,,,,,,,,16123.85,0.0,0.0,1,16123.85,,,oracle,,,,0.0,121,,
0,0,,,,,,,,,16119.91,0.0,0.0,1,16119.91,,,oracle,,,,0.0,27,,
0,0,,,,,,,,,16071.23,0.0,0.0,1,16071.23,,,oracle,,,,0.0,185,,
0,2,,,,,,,,,16066.98,0.0,0.0,1,16066.98,,,oracle,,,,0.0,319,,
0,1,,,,,,,,,16066.82,0.0,0.0,1,16066.82,,,oracle,,,,0.0,160,,
0,0,,,,,,,,,16063.01,0.0,0.0,1,16063.01,,,oracle,,,,0.0,214,,
0,1,,,,,,,,,16047.9,0.0,0.0,1,16047.9,,,oracle,,,,0.0,488,,
0,1,,,,,,,,,16035.83,0.0,0.0,1,16035.83,,,oracle,,,,0.0,282,,
0,1,,,,,,,,,16014.74,0.0,0.0,1,16014.74,,,oracle,,,,0.0,316,,
0,0,,,,,,,,,15989.99,0.0,0.0,1,15989.99,,,oracle,,,,0.0,170,,
0,1,,,,,,,,,15951.47,0.0,0.0,1,15951.47,,,oracle,,,,0.0,429,,
0,0,,,,,,,,,15891.92,0.0,0.0,1,15891.92,,,oracle,,,,0.0,369,,
0,3,,,,,,,,,15889.27,0.0,0.0,1,15889.27,,,oracle,,,,0.0,29,,
0,1,,,,,,,,,15859.16,0.0,0.0,1,15859.16,,,oracle,,,,0.0,156,,
0,2,,,,,,,,,15830.68,0.0,0.0,1,15830.68,,,oracle,,,,0.0,481,,
0,1,,,,,,,,,15787.85,0.0,0.0,1,15787.85,,,oracle,,,,0.0,269,,
0,3,,,,,,,,,15761.58,0.0,0.0,1,15761.58,,,oracle,,,,0.0,298,,
0,0,,,,,,,,,15759.79,0.0,0.0,1,15759.79,,,oracle,,,,0.0,74,,
0,3,,,,,,,,,15748.81,0.0,0.0,1,15748.81,,,oracle,,,,0.0,452,,
0,6,,,,,,,,,15720.68,0.0,0.0,1,15720.68,,,oracle,,,,0.0,315,,
0,2,,,,,,,,,15717.82,0.0,0.0,1,15717.82,,,oracle,,,,0.0,90,,
0,0,,,,,,,,,15702.85,0.0,0.0,1,15702.85,,,oracle,,,,0.0,483,,
0,3,,,,,,,,,15633.01,0.0,0.0,1,15633.01,,,oracle,,,,0.0,283,,
0,3,,,,,,,,,15615.55,0.0,0.0,1,15615.55,,,oracle,,,,0.0,376,,
0,0,,,,,,,,,15596.0,0.0,0.0,1,15596.0,,,oracle,,,,0.0,468,,
0,2,,,,,,,,,15563.99,0.0,0.0,1,15563.99,,,oracle,,,,0.0,441,,
0,2,,,,,,,,,15557.48,0.0,0.0,1,15557.48,,,oracle,,,,0.0,445,,
0,4,,,,,,,,,15433.03,0.0,0.0,1,15433.03,,,oracle,,,,0.0,103,,
0,2,,,,,,,,,15418.32,0.0,0.0,1,15418.32,,,oracle,,,,0.0,209,,
0,1,,,,,,,,,15413.26,0.0,0.0,1,15413.26,,,oracle,,,,0.0,206,,
0,2,,,,,,,,,15411.81,0.0,0.0,1,15411.81,,,oracle,,,,0.0,28,,
0,0,,,,,,,,,15374.56,0.0,0.0,1,15374.56,,,oracle,,,,0.0,382,,
0,0,,,,,,,,,15371.44,0.0,0.0,1,15371.44,,,oracle,,,,0.0,220,,
0,1,,,,,,,,,15319.07,0.0,0.0,1,15319.07,,,oracle,,,,0.0,195,,
0,2,,,,,,,,,15318.05,0.0,0.0,1,15318.05,,,oracle,,,,0.0,178,,
0,5,,,,,,,,,15293.09,0.0,0.0,1,15293.09,,,oracle,,,,0.0,42,,
0,0,,,,,,,,,15275.39,0.0,0.0,1,15275.39,,,oracle,,,,0.0,17,,
0,3,,,,,,,,,15213.98,0.0,0.0,1,15213.98,,,oracle,,,,0.0,82,,
0,0,,,,,,,,,15207.96,0.0,0.0,1,15207.96,,,oracle,,,,0.0,381,,
0,1,,,,,,,,,15142.16,0.0,0.0,1,15142.16,,,oracle,,,,0.0,368,,
0,1,,,,,,,,,15087.17,0.0,0.0,1,15087.17,,,oracle,,,,0.0,500,,
0,0,,,,,,,,,15053.79,0.0,0.0,1,15053.79,,,oracle,,,,0.0,331,,
0,0,,,,,,,,,15053.09,0.0,0.0,1,15053.09,,,oracle,,,,0.0,289,,
0,0,,,,,,,,,15008.11,0.0,0.0,1,15008.11,,,oracle,,,,0.0,59,,
0,6,,,,,,,,,15001.39,0.0,0.0,1,15001.39,,,oracle,,,,0.0,445,,
0,0,,,,,,,,,14975.18,0.0,0.0,1,14975.18,,,oracle,,,,0.0,143,,
0,0,,,,,,,,,14953.39,0.0,0.0,1,14953.39,,,oracle,,,,0.0,454,,
0,4,,,,,,,,,14898.79,0.0,0.0,1,14898.79,,,oracle,,,,0.0,176,,
0,1,,,,,,,,,14884.81,0.0,0.0,1,14884.81,,,oracle,,,,0.0,288,,
0,3,,,,,,,,,14858.22,0.0,0.0,1,14858.22,,,oracle,,,,0.0,25,,
0,0,,,,,,,,,14843.28,0.0,0.0,1,14843.28,,,oracle,,,,0.0,80,,
0,2,,,,,,,,,14794.91,0.0,0.0,1,14794.91,,,oracle,,,,0.0,425,,
0,0,,,,,,,,,14793.31,0.0,0.0,1,14793.31,,,oracle,,,,0.0,205,,
0,5,,,,,,,,,14786.89,0.0,0.0,1,14786.89,,,oracle,,,,0.0,176,,
0,3,,,,,,,,,14749.87,0.0,0.0,1,14749.87,,,oracle,,,,0.0,207,,
0,1,,,,,,,,,14694.03,0.0,0.0,1,14694.03,,,oracle,,,,0.0,45,,
0,1,,,,,,,,,14676.17,0.0,0.0,1,14676.17,,,oracle,,,,0.0,94,,
0,0,,,,,,,,,14671.35,0.0,0.0,1,14671.35,,,oracle,,,,0.0,435,,
0,0,,,,,,,,,14648.69,0.0,0.0,1,14648.69,,,oracle,,,,0.0,64,,
0,1,,,,,,,,,14629.62,0.0,0.0,1,14629.62,,,oracle,,,,0.0,4,,
0,1,,,,,,,,,14607.71,0.0,0.0,1,14607.71,,,oracle,,,,0.0,377,,
0,1,,,,,,,,,14594.49,0.0,0.0,1,14594.49,,,oracle,,,,0.0,467,,
0,1,,,,,,,,,14593.16,0.0,0.0,1,14593.16,,,oracle,,,,0.0,228,,
0,1,,,,,,,,,14565.89,0.0,0.0,1,14565.89,,,oracle,,,,0.0,99,,
0,0,,,,,,,,,14561.85,0.0,0.0,1,14561.85,,,oracle,,,,0.0,446,,
0,3,,,,,,,,,14532.56,0.0,0.0,1,14532.56,,,oracle,,,,0.0,54,,
0,1,,,,,,,,,14531.33,0.0,0.0,1,14531.33,,,oracle,,,,0.0,74,,
0,0,,,,,,,,,14521.85,0.0,0.0,1,14521.85,,,oracle,,,,0.0,52,,
0,0,,,,,,,,,14437.57,0.0,0.0,1,14437.57,,,oracle,,,,0.0,431,,
0,0,,,,,,,,,14436.47,0.0,0.0,1,14436.47,,,oracle,,,,0.0,453,,
0,2,,,,,,,,,14415.39,0.0,0.0,1,14415.39,,,oracle,,,,0.0,198,,
0,0,,,,,,,,,14386.49,0.0,0.0,1,14386.49,,,oracle,,,,0.0,246,,
0,0,,,,,,,,,14354.41,0.0,0.0,1,14354.41,,,oracle,,,,0.0,417,,
0,3,,,,,,,,,14352.98,0.0,0.0,1,14352.98,,,oracle,,,,0.0,289,,
0,0,,,,,,,,,14341.96,0.0,0.0,1,14341.96,,,oracle,,,,0.0,312,,
0,1,,,,,,,,,14326.53,0.0,0.0,1,14326.53,,,oracle,,,,0.0,120,,
0,0,,,,,,,,,14324.36,0.0,0.0,1,14324.36,,,oracle,,,,0.0,35,,
0,4,,,,,,,,,14323.38,0.0,0.0,1,14323.38,,,oracle,,,,0.0,289,,
0,1,,,,,,,,,14312.24,0.0,0.0,1,14312.24,,,oracle,,,,0.0,128,,
0,1,,,,,,,,,14279.74,0.0,0.0,1,14279.74,,,oracle,,,,0.0,178,,
0,7,,,,,,,,,14211.72,0.0,0.0,1,14211.72,,,oracle,,,,0.0,315,,
0,0,,,,,,,,,14188.01,0.0,0.0,1,14188.01,,,oracle,,,,0.0,155,,
0,1,,,,,,,,,14156.15,0.0,0.0,1,14156.15,,,oracle,,,,0.0,352,,
0,0,,,,,,,,,14155.28,0.0,0.0,1,14155.28,,,oracle,,,,0.0,103,,
0,4,,,,,,,,,14151.87,0.0,0.0,1,14151.87,,,oracle,,,,0.0,163,,
0,2,,,,,,,,,14141.0,0.0,0.0,1,14141.0,,,oracle,,,,0.0,42,,
0,0,,,,,,,,,14140.72,0.0,0.0,1,14140.72,,,oracle,,,,0.0,426,,
0,0,,,,,,,,,14132.26,0.0,0.0,1,14132.26,,,oracle,,,,0.0,398,,
0,0,,,,,,,,,14108.62,0.0,0.0,1,14108.62,,,oracle,,,,0.0,472,,
0,2,,,,,,,,,14102.6,0.0,0.0,1,14102.6,,,oracle,,,,0.0,466,,
0,1,,,,,,,,,14068.33,0.0,0.0,1,14068.33,,,oracle,,,,0.0,27,,
0,1,,,,,,,,,14066.9,0.0,0.0,1,14066.9,,,oracle,,,,0.0,501,,
0,1,,,,,,,,,14058.63,0.0,0.0,1,14058.63,,,oracle,,,,0.0,301,,
0,0,,,,,,,,,14047.68,0.0,0.0,1,14047.68,,,oracle,,,,0.0,127,,
0,0,,,,,,,,,14026.4,0.0,0.0,1,14026.4,,,oracle,,,,0.0,342,,
0,0,,,,,,,,,14004.64,0.0,0.0,1,14004.64,,,oracle,,,,0.0,377,,
0,0,,,,,,,,,13984.41,0.0,0.0,1,13984.41,,,oracle,,,,0.0,8,,
0,3,,,,,,,,,13983.59,0.0,0.0,1,13983.59,,,oracle,,,,0.0,161,,
0,3,,,,,,,,,13973.97,0.0,0.0,1,13973.97,,,oracle,,,,0.0,69,,
0,2,,,,,,,,,13960.97,0.0,0.0,1,13960.97,,,oracle,,,,0.0,45,,
0,1,,,,,,,,,13945.78,0.0,0.0,1,13945.78,,,oracle,,,,0.0,287,,
0,5,,,,,,,,,13935.92,0.0,0.0,1,13935.92,,,oracle,,,,0.0,178,,
0,0,,,,,,,,,13932.81,0.0,0.0,1,13932.81,,,oracle,,,,0.0,335,,
0,0,,,,,,,,,13912.53,0.0,0.0,1,13912.53,,,oracle,,,,0.0,484,,
0,3,,,,,,,,,13877.42,0.0,0.0,1,13877.42,,,oracle,,,,0.0,86,,
0,3,,,,,,,,,13872.56,0.0,0.0,1,13872.56,,,oracle,,,,0.0,33,,
0,1,,,,,,,,,13868.76,0.0,0.0,1,13868.76,,,oracle,,,,0.0,14,,
0,0,,,,,,,,,13860.83,0.0,0.0,1,13860.83,,,oracle,,,,0.0,132,,
0,1,,,,,,,,,13857.86,0.0,0.0,1,13857.86,,,oracle,,,,0.0,297,,
0,0,,,,,,,,,13846.77,0.0,0.0,1,13846.77,,,oracle,,,,0.0,294,,
0,0,,,,,,,,,13802.16,0.0,0.0,1,13802.16,,,oracle,,,,0.0,9,,
0,1,,,,,,,,,13759.1,0.0,0.0,1,13759.1,,,oracle,,,,0.0,394,,
0,6,,,,,,,,,13758.69,0.0,0.0,1,13758.69,,,oracle,,,,0.0,270,,
0,2,,,,,,,,,13757.67,0.0,0.0,1,13757.67,,,oracle,,,,0.0,32,,
0,1,,,,,,,,,13748.52,0.0,0.0,1,13748.52,,,oracle,,,,0.0,403,,
0,0,,,,,,,,,13746.23,0.0,0.0,1,13746.23,,,oracle,,,,0.0,254,,
0,0,,,,,,,,,13715.89,0.0,0.0,1,13715.89,,,oracle,,,,0.0,443,,
0,5,,,,,,,,,13699.9,0.0,0.0,1,13699.9,,,oracle,,,,0.0,270,,
0,1,,,,,,,,,13691.76,0.0,0.0,1,13691.76,,,oracle,,,,0.0,36,,
0,0,,,,,,,,,13687.31,0.0,0.0,1,13687.31,,,oracle,,,,0.0,297,,
0,0,,,,,,,,,13680.22,0.0,0.0,1,13680.22,,,oracle,,,,0.0,305,,
0,6,,,,,,,,,13674.5,0.0,0.0,1,13674.5,,,oracle,,,,0.0,461,,
0,0,,,,,,,,,13663.4,0.0,0.0,1,13663.4,,,oracle,,,,0.0,238,,
0,2,,,,,,,,,13654.88,0.0,0.0,1,13654.88,,,oracle,,,,0.0,212,,
0,1,,,,,,,,,13654.54,0.0,0.0,1,13654.54,,,oracle,,,,0.0,48,,
0,0,,,,,,,,,13640.32,0.0,0.0,1,13640.32,,,oracle,,,,0.0,138,,
0,1,,,,,,,,,13615.37,0.0,0.0,1,13615.37,,,oracle,,,,0.0,139,,
0,3,,,,,,,,,13610.31,0.0,0.0,1,13610.31,,,oracle,,,,0.0,318,,
0,0,,,,,,,,,13607.5,0.0,0.0,1,13607.5,,,oracle,,,,0.0,176,,
0,0,,,,,,,,,13600.08,0.0,0.0,1,13600.08,,,oracle,,,,0.0,348,,
0,1,,,,,,,,,13594.22,0.0,0.0,1,13594.22,,,oracle,,,,0.0,199,,
0,2,,,,,,,,,13593.95,0.0,0.0,1,13593.95,,,oracle,,,,0.0,59,,
0,0,,,,,,,,,13553.12,0.0,0.0,1,13553.12,,,oracle,,,,0.0,179,,
0,1,,,,,,,,,13549.28,0.0,0.0,1,13549.28,,,oracle,,,,0.0,138,,
0,2,,,,,,,,,13547.46,0.0,0.0,1,13547.46,,,oracle,,,,0.0,450,,
0,0,,,,,,,,,13532.36,0.0,0.0,1,13532.36,,,oracle,,,,0.0,102,,
0,1,,,,,,,,,13512.24,0.0,0.0,1,13512.24,,,oracle,,,,0.0,472,,
0,1,,,,,,,,,13493.72,0.0,0.0,1,13493.72,,,oracle,,,,0.0,205,,
0,1,,,,,,,,,13487.8,0.0,0.0,1,13487.8,,,oracle,,,,0.0,441,,
0,1,,,,,,,,,13480.45,0.0,0.0,1,13480.45,,,oracle,,,,0.0,478,,
0,1,,,,,,,,,13469.81,0.0,0.0,1,13469.81,,,oracle,,,,0.0,15,,
0,1,,,,,,,,,13444.03,0.0,0.0,1,13444.03,,,oracle,,,,0.0,214,,
0,1,,,,,,,,,13443.98,0.0,0.0,1,13443.98,,,oracle,,,,0.0,230,,
0,0,,,,,,,,,13441.67,0.0,0.0,1,13441.67,,,oracle,,,,0.0,10,,
0,3,,,,,,,,,13439.8,0.0,0.0,1,13439.8,,,oracle,,,,0.0,157,,
0,0,,,,,,,,,13433.58,0.0,0.0,1,13433.58,,,oracle,,,,0.0,125,,
0,1,,,,,,,,,13390.55,0.0,0.0,1,13390.55,,,oracle,,,,0.0,304,,
0,2,,,,,,,,,13366.84,0.0,0.0,1,13366.84,,,oracle,,,,0.0,18,,
0,4,,,,,,,,,13326.89,0.0,0.0,1,13326.89,,,oracle,,,,0.0,280,,
0,2,,,,,,,,,13324.89,0.0,0.0,1,13324.89,,,oracle,,,,0.0,93,,
0,1,,,,,,,,,13301.31,0.0,0.0,1,13301.31,,,oracle,,,,0.0,383,,
0,5,,,,,,,,,13288.43,0.0,0.0,1,13288.43,,,oracle,,,,0.0,501,,
0,2,,,,,,,,,13265.68,0.0,0.0,1,13265.68,,,oracle,,,,0.0,26,,
0,0,,,,,,,,,13247.69,0.0,0.0,1,13247.69,,,oracle,,,,0.0,99,,
0,1,,,,,,,,,13247.52,0.0,0.0,1,13247.52,,,oracle,,,,0.0,263,,
0,1,,,,,,,,,13222.82,0.0,0.0,1,13222.82,,,oracle,,,,0.0,243,,
0,1,,,,,,,,,13215.37,0.0,0.0,1,13215.37,,,oracle,,,,0.0,347,,
0,0,,,,,,,,,13177.74,0.0,0.0,1,13177.74,,,oracle,,,,0.0,284,,
0,2,,,,,,,,,13177.17,0.0,0.0,1,13177.17,,,oracle,,,,0.0,257,,
0,0,,,,,,,,,13172.26,0.0,0.0,1,13172.26,,,oracle,,,,0.0,194,,
0,0,,,,,,,,,13164.62,0.0,0.0,1,13164.62,,,oracle,,,,0.0,45,,
0,0,,,,,,,,,13153.42,0.0,0.0,1,13153.42,,,oracle,,,,0.0,486,,
0,2,,,,,,,,,13134.33,0.0,0.0,1,13134.33,,,oracle,,,,0.0,229,,
0,4,,,,,,,,,13133.95,0.0,0.0,1,13133.95,,,oracle,,,,0.0,115,,
0,3,,,,,,,,,13132.3,0.0,0.0,1,13132.3,,,oracle,,,,0.0,426,,
0,1,,,,,,,,,13115.77,0.0,0.0,1,13115.77,,,oracle,,,,0.0,265,,
0,4,,,,,,,,,13111.73,0.0,0.0,1,13111.73,,,oracle,,,,0.0,160,,
0,0,,,,,,,,,13079.64,0.0,0.0,1,13079.64,,,oracle,,,,0.0,280,,
0,1,,,,,,,,,13076.9,0.0,0.0,1,13076.9,,,oracle,,,,0.0,22,,
0,2,,,,,,,,,13076.16,0.0,0.0,1,13076.16,,,oracle,,,,0.0,331,,
0,0,,,,,,,,,13070.34,0.0,0.0,1,13070.34,,,oracle,,,,0.0,117,,
0,3,,,,,,,,,13041.36,0.0,0.0,1,13041.36,,,oracle,,,,0.0,372,,
0,3,,,,,,,,,13032.63,0.0,0.0,1,13032.63,,,oracle,,,,0.0,339,,
0,1,,,,,,,,,13014.87,0.0,0.0,1,13014.87,,,oracle,,,,0.0,410,,
0,2,,,,,,,,,12993.79,0.0,0.0,1,12993.79,,,oracle,,,,0.0,101,,
0,0,,,,,,,,,12991.61,0.0,0.0,1,12991.61,,,oracle,,,,0.0,93,,
0,2,,,,,,,,,12986.39,0.0,0.0,1,12986.39,,,oracle,,,,0.0,253,,
0,4,,,,,,,,,12970.75,0.0,0.0,1,12970.75,,,oracle,,,,0.0,157,,
0,2,,,,,,,,,12955.7,0.0,0.0,1,12955.7,,,oracle,,,,0.0,471,,
0,1,,,,,,,,,12955.66,0.0,0.0,1,12955.66,,,oracle,,,,0.0,103,,
0,5,,,,,,,,,12952.09,0.0,0.0,1,12952.09,,,oracle,,,,0.0,337,,
0,0,,,,,,,,,12947.6,0.0,0.0,1,12947.6,,,oracle,,,,0.0,457,,
0,2,,,,,,,,,12939.41,0.0,0.0,1,12939.41,,,oracle,,,,0.0,144,,
0,2,,,,,,,,,12891.04,0.0,0.0,1,12891.04,,,oracle,,,,0.0,29,,
0,1,,,,,,,,,12883.88,0.0,0.0,1,12883.88,,,oracle,,,,0.0,428,,
0,0,,,,,,,,,12882.87,0.0,0.0,1,12882.87,,,oracle,,,,0.0,279,,
0,2,,,,,,,,,12869.39,0.0,0.0,1,12869.39,,,oracle,,,,0.0,353,,
0,5,,,,,,,,,12839.43,0.0,0.0,1,12839.43,,,oracle,,,,0.0,204,,
0,1,,,,,,,,,12838.66,0.0,0.0,1,12838.66,,,oracle,,,,0.0,486,,
0,2,,,,,,,,,12780.83,0.0,0.0,1,12780.83,,,oracle,,,,0.0,142,,
0,4,,,,,,,,,12778.77,0.0,0.0,1,12778.77,,,oracle,,,,0.0,485,,
0,2,,,,,,,,,12759.27,0.0,0.0,1,12759.27,,,oracle,,,,0.0,163,,
0,2,,,,,,,,,12749.79,0.0,0.0,1,12749.79,,,oracle,,,,0.0,139,,
0,2,,,,,,,,,12736.87,0.0,0.0,1,12736.87,,,oracle,,,,0.0,192,,
0,1,,,,,,,,,12686.49,0.0,0.0,1,12686.49,,,oracle,,,,0.0,65,,
0,3,,,,,,,,,12682.47,0.0,0.0,1,12682.47,,,oracle,,,,0.0,277,,
0,1,,,,,,,,,12675.05,0.0,0.0,1,12675.05,,,oracle,,,,0.0,494,,
0,1,,,,,,,,,12669.14,0.0,0.0,1,12669.14,,,oracle,,,,0.0,52,,
0,3,,,,,,,,,12650.78,0.0,0.0,1,12650.78,,,oracle,,,,0.0,85,,
0,2,,,,,,,,,12643.82,0.0,0.0,1,12643.82,,,oracle,,,,0.0,161,,
0,1,,,,,,,,,12643.62,0.0,0.0,1,12643.62,,,oracle,,,,0.0,89,,
0,2,,,,,,,,,12641.42,0.0,0.0,1,12641.42,,,oracle,,,,0.0,33,,
0,0,,,,,,,,,12630.15,0.0,0.0,1,12630.15,,,oracle,,,,0.0,39,,
0,1,,,,,,,,,12596.32,0.0,0.0,1,12596.32,,,oracle,,,,0.0,98,,
0,0,,,,,,,,,12593.1,0.0,0.0,1,12593.1,,,oracle,,,,0.0,380,,
0,2,,,,,,,,,12579.91,0.0,0.0,1,12579.91,,,oracle,,,,0.0,164,,
0,3,,,,,,,,,12573.1,0.0,0.0,1,12573.1,,,oracle,,,,0.0,241,,
0,5,,,,,,,,,12557.55,0.0,0.0,1,12557.55,,,oracle,,,,0.0,207,,
0,0,,,,,,,,,12555.09,0.0,0.0,1,12555.09,,,oracle,,,,0.0,409,,
0,3,,,,,,,,,12541.59,0.0,0.0,1,12541.59,,,oracle,,,,0.0,340,,
0,1,,,,,,,,,12528.65,0.0,0.0,1,12528.65,,,oracle,,,,0.0,271,,
0,0,,,,,,,,,12511.88,0.0,0.0,1,12511.88,,,oracle,,,,0.0,394,,
0,0,,,,,,,,,12510.53,0.0,0.0,1,12510.53,,,oracle,,,,0.0,226,,
0,0,,,,,,,,,12503.86,0.0,0.0,1,12503.86,,,oracle,,,,0.0,86,,
0,0,,,,,,,,,12501.05,0.0,0.0,1,12501.05,,,oracle,,,,0.0,195,,
0,3,,,,,,,,,12482.09,0.0,0.0,1,12482.09,,,oracle,,,,0.0,324,,
0,1,,,,,,,,,12481.16,0.0,0.0,1,12481.16,,,oracle,,,,0.0,285,,
0,0,,,,,,,,,12470.62,0.0,0.0,1,12470.62,,,oracle,,,,0.0,371,,
0,4,,,,,,,,,12454.21,0.0,0.0,1,12454.21,,,oracle,,,,0.0,112,,
0,0,,,,,,,,,12432.24,0.0,0.0,1,12432.24,,,oracle,,,,0.0,456,,
0,0,,,,,,,,,12407.91,0.0,0.0,1,12407.91,,,oracle,,,,0.0,196,,
0,4,,,,,,,,,12399.01,0.0,0.0,1,12399.01,,,oracle,,,,0.0,470,,
0,4,,,,,,,,,12389.18,0.0,0.0,1,12389.18,,,oracle,,,,0.0,122,,
0,1,,,,,,,,,12380.97,0.0,0.0,1,12380.97,,,oracle,,,,0.0,105,,
0,0,,,,,,,,,12355.31,0.0,0.0,1,12355.31,,,oracle,,,,0.0,123,,
0,1,,,,,,,,,12340.6,0.0,0.0,1,12340.6,,,oracle,,,,0.0,372,,
0,0,,,,,,,,,12340.14,0.0,0.0,1,12340.14,,,oracle,,,,0.0,230,,
0,0,,,,,,,,,12304.18,0.0,0.0,1,12304.18,,,oracle,,,,0.0,38,,
0,3,,,,,,,,,12280.9,0.0,0.0,1,12280.9,,,oracle,,,,0.0,151,,
0,0,,,,,,,,,12269.78,0.0,0.0,1,12269.78,,,oracle,,,,0.0,462,,
0,0,,,,,,,,,12200.91,0.0,0.0,1,12200.91,,,oracle,,,,0.0,464,,
0,0,,,,,,,,,12170.53,0.0,0.0,1,12170.53,,,oracle,,,,0.0,189,,
0,2,,,,,,,,,12145.5,0.0,0.0,1,12145.5,,,oracle,,,,0.0,426,,
0,1,,,,,,,,,12143.35,0.0,0.0,1,12143.35,,,oracle,,,,0.0,126,,
0,3,,,,,,,,,12140.2,0.0,0.0,1,12140.2,,,oracle,,,,0.0,280,,
0,2,,,,,,,,,12133.19,0.0,0.0,1,12133.19,,,oracle,,,,0.0,420,,
0,2,,,,,,,,,12118.29,0.0,0.0,1,12118.29,,,oracle,,,,0.0,406,,
0,0,,,,,,,,,12095.03,0.0,0.0,1,12095.03,,,oracle,,,,0.0,173,,
0,0,,,,,,,,,12091.53,0.0,0.0,1,12091.53,,,oracle,,,,0.0,270,,
0,1,,,,,,,,,12091.05,0.0,0.0,1,12091.05,,,oracle,,,,0.0,216,,
0,2,,,,,,,,,12063.1,0.0,0.0,1,12063.1,,,oracle,,,,0.0,193,,
0,0,,,,,,,,,12057.95,0.0,0.0,1,12057.95,,,oracle,,,,0.0,139,,
0,0,,,,,,,,,12056.9,0.0,0.0,1,12056.9,,,oracle,,,,0.0,57,,
0,0,,,,,,,,,12048.74,0.0,0.0,1,12048.74,,,oracle,,,,0.0,341,,
0,0,,,,,,,,,12047.22,0.0,0.0,1,12047.22,,,oracle,,,,0.0,41,,
0,0,,,,,,,,,12035.61,0.0,0.0,1,12035.61,,,oracle,,,,0.0,481,,
0,3,,,,,,,,,12005.33,0.0,0.0,1,12005.33,,,oracle,,,,0.0,326,,
0,0,,,,,,,,,11986.57,0.0,0.0,1,11986.57,,,oracle,,,,0.0,55,,
0,0,,,,,,,,,11978.67,0.0,0.0,1,11978.67,,,oracle,,,,0.0,232,,
0,0,,,,,,,,,11976.16,0.0,0.0,1,11976.16,,,oracle,,,,0.0,356,,
0,4,,,,,,,,,11974.45,0.0,0.0,1,11974.45,,,oracle,,,,0.0,323,,
0,3,,,,,,,,,11945.78,0.0,0.0,1,11945.78,,,oracle,,,,0.0,450,,
0,0,,,,,,,,,11943.45,0.0,0.0,1,11943.45,,,oracle,,,,0.0,276,,
0,4,,,,,,,,,11909.5,0.0,0.0,1,11909.5,,,oracle,,,,0.0,136,,
0,2,,,,,,,,,11888.04,0.0,0.0,1,11888.04,,,oracle,,,,0.0,3,,
0,1,,,,,,,,,11873.32,0.0,0.0,1,11873.32,,,oracle,,,,0.0,364,,
0,0,,,,,,,,,11866.04,0.0,0.0,1,11866.04,,,oracle,,,,0.0,465,,
0,0,,,,,,,,,11864.63,0.0,0.0,1,11864.63,,,oracle,,,,0.0,374,,
0,2,,,,,,,,,11854.15,0.0,0.0,1,11854.15,,,oracle,,,,0.0,397,,
0,1,,,,,,,,,11813.41,0.0,0.0,1,11813.41,,,oracle,,,,0.0,294,,
0,0,,,,,,,,,11811.13,0.0,0.0,1,11811.13,,,oracle,,,,0.0,320,,
0,1,,,,,,,,,11807.45,0.0,0.0,1,11807.45,,,oracle,,,,0.0,419,,
0,4,,,,,,,,,11794.86,0.0,0.0,1,11794.86,,,oracle,,,,0.0,318,,
0,0,,,,,,,,,11793.32,0.0,0.0,1,11793.32,,,oracle,,,,0.0,488,,
0,5,,,,,,,,,11757.97,0.0,0.0,1,11757.97,,,oracle,,,,0.0,154,,
0,0,,,,,,,,,11754.13,0.0,0.0,1,11754.13,,,oracle,,,,0.0,400,,
0,4,,,,,,,,,11750.77,0.0,0.0,1,11750.77,,,oracle,,,,0.0,24,,
0,0,,,,,,,,,11744.26,0.0,0.0,1,11744.26,,,oracle,,,,0.0,68,,
0,1,,,,,,,,,11732.46,0.0,0.0,1,11732.46,,,oracle,,,,0.0,62,,
0,0,,,,,,,,,11710.92,0.0,0.0,1,11710.92,,,oracle,,,,0.0,121,,
0,0,,,,,,,,,11703.51,0.0,0.0,1,11703.51,,,oracle,,,,0.0,288,,
0,0,,,,,,,,,11695.84,0.0,0.0,1,11695.84,,,oracle,,,,0.0,217,,
0,1,,,,,,,,,11692.12,0.0,0.0,1,11692.12,,,oracle,,,,0.0,125,,
0,1,,,,,,,,,11678.27,0.0,0.0,1,11678.27,,,oracle,,,,0.0,155,,
0,3,,,,,,,,,11669.12,0.0,0.0,1,11669.12,,,oracle,,,,0.0,493,,
0,3,,,,,,,,,11661.5,0.0,0.0,1,11661.5,,,oracle,,,,0.0,138,,
0,0,,,,,,,,,11628.73,0.0,0.0,1,11628.73,,,oracle,,,,0.0,272,,
0,0,,,,,,,,,11608.55,0.0,0.0,1,11608.55,,,oracle,,,,0.0,218,,
0,1,,,,,,,,,11604.28,0.0,0.0,1,11604.28,,,oracle,,,,0.0,24,,
0,3,,,,,,,,,11574.41,0.0,0.0,1,11574.41,,,oracle,,,,0.0,441,,
0,1,,,,,,,,,11574.26,0.0,0.0,1,11574.26,,,oracle,,,,0.0,462,,
0,1,,,,,,,,,11526.6,0.0,0.0,1,11526.6,,,oracle,,,,0.0,54,,
0,1,,,,,,,,,11520.0,0.0,0.0,1,11520.0,,,oracle,,,,0.0,406,,
0,2,,,,,,,,,11503.62,0.0,0.0,1,11503.62,,,oracle,,,,0.0,207,,
0,1,,,,,,,,,11501.82,0.0,0.0,1,11501.82,,,oracle,,,,0.0,77,,
0,0,,,,,,,,,11499.72,0.0,0.0,1,11499.72,,,oracle,,,,0.0,459,,
0,5,,,,,,,,,11446.08,0.0,0.0,1,11446.08,,,oracle,,,,0.0,107,,
0,2,,,,,,,,,11435.59,0.0,0.0,1,11435.59,,,oracle,,,,0.0,335,,
0,0,,,,,,,,,11434.71,0.0,0.0,1,11434.71,,,oracle,,,,0.0,460,,
0,3,,,,,,,,,11430.02,0.0,0.0,1,11430.02,,,oracle,,,,0.0,11,,
0,2,,,,,,,,,11426.88,0.0,0.0,1,11426.88,,,oracle,,,,0.0,298,,
0,1,,,,,,,,,11397.0,0.0,0.0,1,11397.0,,,oracle,,,,0.0,328,,
0,1,,,,,,,,,11347.89,0.0,0.0,1,11347.89,,,oracle,,,,0.0,463,,
0,1,,,,,,,,,11344.2,0.0,0.0,1,11344.2,,,oracle,,,,0.0,18,,
0,3,,,,,,,,,11320.02,0.0,0.0,1,11320.02,,,oracle,,,,0.0,319,,
0,1,,,,,,,,,11310.36,0.0,0.0,1,11310.36,,,oracle,,,,0.0,124,,
0,1,,,,,,,,,11306.07,0.0,0.0,1,11306.07,,,oracle,,,,0.0,259,,
0,3,,,,,,,,,11285.2,0.0,0.0,1,11285.2,,,oracle,,,,0.0,265,,
0,4,,,,,,,,,11280.16,0.0,0.0,1,11280.16,,,oracle,,,,0.0,500,,
0,1,,,,,,,,,11247.06,0.0,0.0,1,11247.06,,,oracle,,,,0.0,440,,
0,1,,,,,,,,,11243.53,0.0,0.0,1,11243.53,,,oracle,,,,0.0,190,,
0,0,,,,,,,,,11234.21,0.0,0.0,1,11234.21,,,oracle,,,,0.0,231,,
0,2,,,,,,,,,11223.85,0.0,0.0,1,11223.85,,,oracle,,,,0.0,112,,
0,2,,,,,,,,,11217.07,0.0,0.0,1,11217.07,,,oracle,,,,0.0,36,,
0,0,,,,,,,,,11160.02,0.0,0.0,1,11160.02,,,oracle,,,,0.0,157,,
0,2,,,,,,,,,11143.64,0.0,0.0,1,11143.64,,,oracle,,,,0.0,189,,
0,2,,,,,,,,,11130.72,0.0,0.0,1,11130.72,,,oracle,,,,0.0,243,,
0,1,,,,,,,,,11127.57,0.0,0.0,1,11127.57,,,oracle,,,,0.0,484,,
0,2,,,,,,,,,11124.26,0.0,0.0,1,11124.26,,,oracle,,,,0.0,261,,
0,0,,,,,,,,,11113.78,0.0,0.0,1,11113.78,,,oracle,,,,0.0,113,,
0,0,,,,,,,,,11076.17,0.0,0.0,1,11076.17,,,oracle,,,,0.0,388,,
0,4,,,,,,,,,11064.14,0.0,0.0,1,11064.14,,,oracle,,,,0.0,223,,
0,3,,,,,,,,,11041.24,0.0,0.0,1,11041.24,,,oracle,,,,0.0,58,,
0,0,,,,,,,,,11034.03,0.0,0.0,1,11034.03,,,oracle,,,,0.0,114,,
0,1,,,,,,,,,11030.75,0.0,0.0,1,11030.75,,,oracle,,,,0.0,217,,
0,0,,,,,,,,,11028.99,0.0,0.0,1,11028.99,,,oracle,,,,0.0,244,,
0,4,,,,,,,,,11020.41,0.0,0.0,1,11020.41,,,oracle,,,,0.0,461,,
0,1,,,,,,,,,10987.93,0.0,0.0,1,10987.93,,,oracle,,,,0.0,162,,
0,1,,,,,,,,,10981.63,0.0,0.0,1,10981.63,,,oracle,,,,0.0,3,,
0,2,,,,,,,,,10948.28,0.0,0.0,1,10948.28,,,oracle,,,,0.0,305,,
0,4,,,,,,,,,10932.2,0.0,0.0,1,10932.2,,,oracle,,,,0.0,339,,
0,1,,,,,,,,,10903.91,0.0,0.0,1,10903.91,,,oracle,,,,0.0,87,,
0,0,,,,,,,,,10899.2,0.0,0.0,1,10899.2,,,oracle,,,,0.0,314,,
0,1,,,,,,,,,10881.11,0.0,0.0,1,10881.11,,,oracle,,,,0.0,338,,
0,1,,,,,,,,,10828.72,0.0,0.0,1,10828.72,,,oracle,,,,0.0,149,,
0,0,,,,,,,,,10821.06,0.0,0.0,1,10821.06,,,oracle,,,,0.0,455,,
0,2,,,,,,,,,10782.21,0.0,0.0,1,10782.21,,,oracle,,,,0.0,419,,
0,0,,,,,,,,,10777.32,0.0,0.0,1,10777.32,,,oracle,,,,0.0,496,,
0,1,,,,,,,,,10772.19,0.0,0.0,1,10772.19,,,oracle,,,,0.0,184,,
0,3,,,,,,,,,10747.67,0.0,0.0,1,10747.67,,,oracle,,,,0.0,24,,
0,2,,,,,,,,,10717.21,0.0,0.0,1,10717.21,,,oracle,,,,0.0,188,,
0,1,,,,,,,,,10711.26,0.0,0.0,1,10711.26,,,oracle,,,,0.0,402,,
0,3,,,,,,,,,10706.04,0.0,0.0,1,10706.04,,,oracle,,,,0.0,341,,
0,1,,,,,,,,,10704.9,0.0,0.0,1,10704.9,,,oracle,,,,0.0,68,,
0,1,,,,,,,,,10681.54,0.0,0.0,1,10681.54,,,oracle,,,,0.0,250,,
0,0,,,,,,,,,10669.3,0.0,0.0,1,10669.3,,,oracle,,,,0.0,349,,
0,2,,,,,,,,,10631.19,0.0,0.0,1,10631.19,,,oracle,,,,0.0,34,,
0,0,,,,,,,,,10618.95,0.0,0.0,1,10618.95,,,oracle,,,,0.0,25,,
0,3,,,,,,,,,10603.17,0.0,0.0,1,10603.17,,,oracle,,,,0.0,313,,
0,2,,,,,,,,,10585.84,0.0,0.0,1,10585.84,,,oracle,,,,0.0,376,,
0,0,,,,,,,,,10557.04,0.0,0.0,1,10557.04,,,oracle,,,,0.0,188,,
0,1,,,,,,,,,10530.17,0.0,0.0,1,10530.17,,,oracle,,,,0.0,496,,
0,3,,,,,,,,,10523.91,0.0,0.0,1,10523.91,,,oracle,,,,0.0,359,,
0,0,,,,,,,,,10523.88,0.0,0.0,1,10523.88,,,oracle,,,,0.0,325,,
0,1,,,,,,,,,10515.64,0.0,0.0,1,10515.64,,,oracle,,,,0.0,477,,
0,0,,,,,,,,,10514.28,0.0,0.0,1,10514.28,,,oracle,,,,0.0,16,,
0,1,,,,,,,,,10490.32,0.0,0.0,1,10490.32,,,oracle,,,,0.0,148,,
0,2,,,,,,,,,10485.47,0.0,0.0,1,10485.47,,,oracle,,,,0.0,262,,
0,2,,,,,,,,,10468.6,0.0,0.0,1,10468.6,,,oracle,,,,0.0,396,,
0,2,,,,,,,,,10464.34,0.0,0.0,1,10464.34,,,oracle,,,,0.0,452,,
0,2,,,,,,,,,10462.58,0.0,0.0,1,10462.58,,,oracle,,,,0.0,492,,
0,0,,,,,,,,,10455.21,0.0,0.0,1,10455.21,,,oracle,,,,0.0,293,,
0,1,,,,,,,,,10447.46,0.0,0.0,1,10447.46,,,oracle,,,,0.0,76,,
0,0,,,,,,,,,10445.38,0.0,0.0,1,10445.38,,,oracle,,,,0.0,327,,
0,1,,,,,,,,,10442.95,0.0,0.0,1,10442.95,,,oracle,,,,0.0,58,,
0,1,,,,,,,,,10435.48,0.0,0.0,1,10435.48,,,oracle,,,,0.0,32,,
0,4,,,,,,,,,10434.55,0.0,0.0,1,10434.55,,,oracle,,,,0.0,188,,
0,1,,,,,,,,,10427.69,0.0,0.0,1,10427.69,,,oracle,,,,0.0,151,,
0,1,,,,,,,,,10419.84,0.0,0.0,1,10419.84,,,oracle,,,,0.0,471,,
0,3,,,,,,,,,10413.15,0.0,0.0,1,10413.15,,,oracle,,,,0.0,429,,
0,3,,,,,,,,,10398.82,0.0,0.0,1,10398.82,,,oracle,,,,0.0,131,,
0,0,,,,,,,,,10372.24,0.0,0.0,1,10372.24,,,oracle,,,,0.0,78,,
0,2,,,,,,,,,10362.62,0.0,0.0,1,10362.62,,,oracle,,,,0.0,151,,
0,3,,,,,,,,,10353.66,0.0,0.0,1,10353.66,,,oracle,,,,0.0,338,,
0,1,,,,,,,,,10332.2,0.0,0.0,1,10332.2,,,oracle,,,,0.0,426,,
0,0,,,,,,,,,10317.47,0.0,0.0,1,10317.47,,,oracle,,,,0.0,249,,
0,1,,,,,,,,,10316.65,0.0,0.0,1,10316.65,,,oracle,,,,0.0,131,,
0,1,,,,,,,,,10305.52,0.0,0.0,1,10305.52,,,oracle,,,,0.0,90,,
0,4,,,,,,,,,10253.31,0.0,0.0,1,10253.31,,,oracle,,,,0.0,445,,
0,1,,,,,,,,,10251.99,0.0,0.0,1,10251.99,,,oracle,,,,0.0,391,,
0,0,,,,,,,,,10242.94,0.0,0.0,1,10242.94,,,oracle,,,,0.0,385,,
0,1,,,,,,,,,10235.46,0.0,0.0,1,10235.46,,,oracle,,,,0.0,257,,
0,2,,,,,,,,,10226.89,0.0,0.0,1,10226.89,,,oracle,,,,0.0,224,,
0,1,,,,,,,,,10216.16,0.0,0.0,1,10216.16,,,oracle,,,,0.0,341,,
0,0,,,,,,,,,10207.72,0.0,0.0,1,10207.72,,,oracle,,,,0.0,33,,
0,0,,,,,,,,,10201.12,0.0,0.0,1,10201.12,,,oracle,,,,0.0,309,,
0,2,,,,,,,,,10184.3,0.0,0.0,1,10184.3,,,oracle,,,,0.0,85,,
0,2,,,,,,,,,10175.23,0.0,0.0,1,10175.23,,,oracle,,,,0.0,343,,
0,1,,,,,,,,,10170.48,0.0,0.0,1,10170.48,,,oracle,,,,0.0,47,,
0,2,,,,,,,,,10151.38,0.0,0.0,1,10151.38,,,oracle,,,,0.0,338,,
0,0,,,,,,,,,10141.18,0.0,0.0,1,10141.18,,,oracle,,,,0.0,324,,
0,0,,,,,,,,,10125.06,0.0,0.0,1,10125.06,,,oracle,,,,0.0,476,,
0,0,,,,,,,,,10121.48,0.0,0.0,1,10121.48,,,oracle,,,,0.0,416,,
0,0,,,,,,,,,10114.37,0.0,0.0,1,10114.37,,,oracle,,,,0.0,372,,
0,2,,,,,,,,,10110.4,0.0,0.0,1,10110.4,,,oracle,,,,0.0,11,,
0,0,,,,,,,,,10095.27,0.0,0.0,1,10095.27,,,oracle,,,,0.0,495,,
0,1,,,,,,,,,10091.13,0.0,0.0,1,10091.13,,,oracle,,,,0.0,191,,
0,0,,,,,,,,,10073.4,0.0,0.0,1,10073.4,,,oracle,,,,0.0,153,,
0,0,,,,,,,,,10072.07,0.0,0.0,1,10072.07,,,oracle,,,,0.0,105,,
0,2,,,,,,,,,10064.02,0.0,0.0,1,10064.02,,,oracle,,,,0.0,465,,
0,1,,,,,,,,,10061.18,0.0,0.0,1,10061.18,,,oracle,,,,0.0,475,,
0,1,,,,,,,,,10057.77,0.0,0.0,1,10057.77,,,oracle,,,,0.0,242,,
0,3,,,,,,,,,10055.18,0.0,0.0,1,10055.18,,,oracle,,,,0.0,142,,
0,0,,,,,,,,,10045.15,0.0,0.0,1,10045.15,,,oracle,,,,0.0,228,,
0,0,,,,,,,,,10044.88,0.0,0.0,1,10044.88,,,oracle,,,,0.0,414,,
0,2,,,,,,,,,10044.59,0.0,0.0,1,10044.59,,,oracle,,,,0.0,51,,
0,3,,,,,,,,,10044.4,0.0,0.0,1,10044.4,,,oracle,,,,0.0,275,,
0,2,,,,,,,,,10044.04,0.0,0.0,1,10044.04,,,oracle,,,,0.0,156,,
0,0,,,,,,,,,10040.39,0.0,0.0,1,10040.39,,,oracle,,,,0.0,285,,
0,2,,,,,,,,,10021.72,0.0,0.0,1,10021.72,,,oracle,,,,0.0,55,,
0,3,,,,,,,,,10017.69,0.0,0.0,1,10017.69,,,oracle,,,,0.0,35,,
0,3,,,,,,,,,9999.25,0.0,0.0,1,9999.25,,,oracle,,,,0.0,459,,
0,4,,,,,,,,,9994.18,0.0,0.0,1,9994.18,,,oracle,,,,0.0,131,,
0,0,,,,,,,,,9990.28,0.0,0.0,1,9990.28,,,oracle,,,,0.0,469,,
0,0,,,,,,,,,9977.87,0.0,0.0,1,9977.87,,,oracle,,,,0.0,450,,
0,1,,,,,,,,,9938.1,0.0,0.0,1,9938.1,,,oracle,,,,0.0,366,,
0,1,,,,,,,,,9935.29,0.0,0.0,1,9935.29,,,oracle,,,,0.0,88,,
0,0,,,,,,,,,9925.25,0.0,0.0,1,9925.25,,,oracle,,,,0.0,79,,
0,0,,,,,,,,,9913.95,0.0,0.0,1,9913.95,,,oracle,,,,0.0,49,,
0,0,,,,,,,,,9909.7,0.0,0.0,1,9909.7,,,oracle,,,,0.0,140,,
0,0,,,,,,,,,9901.07,0.0,0.0,1,9901.07,,,oracle,,,,0.0,177,,
0,0,,,,,,,,,9888.2,0.0,0.0,1,9888.2,,,oracle,,,,0.0,50,,
0,3,,,,,,,,,9862.15,0.0,0.0,1,9862.15,,,oracle,,,,0.0,331,,
0,2,,,,,,,,,9860.66,0.0,0.0,1,9860.66,,,oracle,,,,0.0,276,,
0,2,,,,,,,,,9844.51,0.0,0.0,1,9844.51,,,oracle,,,,0.0,339,,
0,2,,,,,,,,,9840.82,0.0,0.0,1,9840.82,,,oracle,,,,0.0,110,,
0,1,,,,,,,,,9840.46,0.0,0.0,1,9840.46,,,oracle,,,,0.0,326,,
0,0,,,,,,,,,9836.02,0.0,0.0,1,9836.02,,,oracle,,,,0.0,319,,
0,2,,,,,,,,,9831.66,0.0,0.0,1,9831.66,,,oracle,,,,0.0,356,,
0,0,,,,,,,,,9827.45,0.0,0.0,1,9827.45,,,oracle,,,,0.0,433,,
0,1,,,,,,,,,9820.31,0.0,0.0,1,9820.31,,,oracle,,,,0.0,143,,
0,1,,,,,,,,,9814.24,0.0,0.0,1,9814.24,,,oracle,,,,0.0,423,,
0,1,,,,,,,,,9799.35,0.0,0.0,1,9799.35,,,oracle,,,,0.0,333,,
0,1,,,,,,,,,9788.4,0.0,0.0,1,9788.4,,,oracle,,,,0.0,376,,
0,1,,,,,,,,,9778.04,0.0,0.0,1,9778.04,,,oracle,,,,0.0,102,,
0,5,,,,,,,,,9774.65,0.0,0.0,1,9774.65,,,oracle,,,,0.0,470,,
0,3,,,,,,,,,9762.27,0.0,0.0,1,9762.27,,,oracle,,,,0.0,59,,
0,0,,,,,,,,,9758.53,0.0,0.0,1,9758.53,,,oracle,,,,0.0,308,,
0,2,,,,,,,,,9757.12,0.0,0.0,1,9757.12,,,oracle,,,,0.0,238,,
0,1,,,,,,,,,9740.29,0.0,0.0,1,9740.29,,,oracle,,,,0.0,388,,
0,1,,,,,,,,,9714.45,0.0,0.0,1,9714.45,,,oracle,,,,0.0,100,,
0,3,,,,,,,,,9684.57,0.0,0.0,1,9684.57,,,oracle,,,,0.0,482,,
0,0,,,,,,,,,9682.47,0.0,0.0,1,9682.47,,,oracle,,,,0.0,406,,
0,0,,,,,,,,,9678.99,0.0,0.0,1,9678.99,,,oracle,,,,0.0,402,,
0,4,,,,,,,,,9659.11,0.0,0.0,1,9659.11,,,oracle,,,,0.0,338,,
0,0,,,,,,,,,9657.58,0.0,0.0,1,9657.58,,,oracle,,,,0.0,65,,
0,1,,,,,,,,,9642.56,0.0,0.0,1,9642.56,,,oracle,,,,0.0,111,,
0,3,,,,,,,,,9631.09,0.0,0.0,1,9631.09,,,oracle,,,,0.0,345,,
0,2,,,,,,,,,9630.91,0.0,0.0,1,9630.91,,,oracle,,,,0.0,494,,
0,1,,,,,,,,,9614.67,0.0,0.0,1,9614.67,,,oracle,,,,0.0,251,,
0,0,,,,,,,,,9608.29,0.0,0.0,1,9608.29,,,oracle,,,,0.0,96,,
0,0,,,,,,,,,9605.83,0.0,0.0,1,9605.83,,,oracle,,,,0.0,237,,
0,0,,,,,,,,,9581.54,0.0,0.0,1,9581.54,,,oracle,,,,0.0,158,,
0,2,,,,,,,,,9574.98,0.0,0.0,1,9574.98,,,oracle,,,,0.0,345,,
0,1,,,,,,,,,9559.04,0.0,0.0,1,9559.04,,,oracle,,,,0.0,196,,
0,1,,,,,,,,,9553.42,0.0,0.0,1,9553.42,,,oracle,,,,0.0,211,,
0,5,,,,,,,,,9553.12,0.0,0.0,1,9553.12,,,oracle,,,,0.0,317,,
0,1,,,,,,,,,9548.38,0.0,0.0,1,9548.38,,,oracle,,,,0.0,381,,
0,0,,,,,,,,,9540.03,0.0,0.0,1,9540.03,,,oracle,,,,0.0,499,,
0,1,,,,,,,,,9535.96,0.0,0.0,1,9535.96,,,oracle,,,,0.0,343,,
0,1,,,,,,,,,9533.46,0.0,0.0,1,9533.46,,,oracle,,,,0.0,72,,
0,0,,,,,,,,,9524.68,0.0,0.0,1,9524.68,,,oracle,,,,0.0,29,,
0,1,,,,,,,,,9521.11,0.0,0.0,1,9521.11,,,oracle,,,,0.0,79,,
0,3,,,,,,,,,9501.96,0.0,0.0,1,9501.96,,,oracle,,,,0.0,270,,
0,0,,,,,,,,,9501.61,0.0,0.0,1,9501.61,,,oracle,,,,0.0,213,,
0,0,,,,,,,,,9484.87,0.0,0.0,1,9484.87,,,oracle,,,,0.0,282,,
0,3,,,,,,,,,9466.97,0.0,0.0,1,9466.97,,,oracle,,,,0.0,358,,
0,2,,,,,,,,,9466.08,0.0,0.0,1,9466.08,,,oracle,,,,0.0,250,,
0,2,,,,,,,,,9444.07,0.0,0.0,1,9444.07,,,oracle,,,,0.0,411,,
0,0,,,,,,,,,9427.91,0.0,0.0,1,9427.91,,,oracle,,,,0.0,415,,
0,0,,,,,,,,,9425.97,0.0,0.0,1,9425.97,,,oracle,,,,0.0,77,,
0,1,,,,,,,,,9408.79,0.0,0.0,1,9408.79,,,oracle,,,,0.0,413,,
0,0,,,,,,,,,9385.77,0.0,0.0,1,9385.77,,,oracle,,,,0.0,250,,
0,2,,,,,,,,,9383.59,0.0,0.0,1,9383.59,,,oracle,,,,0.0,86,,
0,1,,,,,,,,,9379.71,0.0,0.0,1,9379.71,,,oracle,,,,0.0,415,,
0,0,,,,,,,,,9374.02,0.0,0.0,1,9374.02,,,oracle,,,,0.0,306,,
0,3,,,,,,,,,9364.31,0.0,0.0,1,9364.31,,,oracle,,,,0.0,26,,
0,3,,,,,,,,,9335.6,0.0,0.0,1,9335.6,,,oracle,,,,0.0,23,,
0,1,,,,,,,,,9323.57,0.0,0.0,1,9323.57,,,oracle,,,,0.0,35,,
0,2,,,,,,,,,9317.97,0.0,0.0,1,9317.97,,,oracle,,,,0.0,448,,
0,1,,,,,,,,,9315.29,0.0,0.0,1,9315.29,,,oracle,,,,0.0,25,,
0,1,,,,,,,,,9309.0,0.0,0.0,1,9309.0,,,oracle,,,,0.0,30,,
0,0,,,,,,,,,9301.13,0.0,0.0,1,9301.13,,,oracle,,,,0.0,186,,
0,0,,,,,,,,,9297.62,0.0,0.0,1,9297.62,,,oracle,,,,0.0,128,,
0,1,,,,,,,,,9274.56,0.0,0.0,1,9274.56,,,oracle,,,,0.0,495,,
0,4,,,,,,,,,9257.88,0.0,0.0,1,9257.88,,,oracle,,,,0.0,492,,
0,1,,,,,,,,,9257.82,0.0,0.0,1,9257.82,,,oracle,,,,0.0,158,,
0,0,,,,,,,,,9244.02,0.0,0.0,1,9244.02,,,oracle,,,,0.0,133,,
0,2,,,,,,,,,9228.5,0.0,0.0,1,9228.5,,,oracle,,,,0.0,264,,
0,0,,,,,,,,,9224.39,0.0,0.0,1,9224.39,,,oracle,,,,0.0,202,,
0,2,,,,,,,,,9185.57,0.0,0.0,1,9185.57,,,oracle,,,,0.0,124,,
0,0,,,,,,,,,9169.92,0.0,0.0,1,9169.92,,,oracle,,,,0.0,90,,
0,1,,,,,,,,,9112.91,0.0,0.0,1,9112.91,,,oracle,,,,0.0,503,,
0,2,,,,,,,,,9091.7,0.0,0.0,1,9091.7,,,oracle,,,,0.0,194,,
0,4,,,,,,,,,9083.36,0.0,0.0,1,9083.36,,,oracle,,,,0.0,305,,
0,2,,,,,,,,,9071.06,0.0,0.0,1,9071.06,,,oracle,,,,0.0,79,,
0,1,,,,,,,,,9067.78,0.0,0.0,1,9067.78,,,oracle,,,,0.0,194,,
0,3,,,,,,,,,9066.37,0.0,0.0,1,9066.37,,,oracle,,,,0.0,4,,
0,2,,,,,,,,,9064.41,0.0,0.0,1,9064.41,,,oracle,,,,0.0,168,,
0,2,,,,,,,,,9031.32,0.0,0.0,1,9031.32,,,oracle,,,,0.0,146,,
0,2,,,,,,,,,9022.98,0.0,0.0,1,9022.98,,,oracle,,,,0.0,359,,
0,0,,,,,,,,,9009.95,0.0,0.0,1,9009.95,,,oracle,,,,0.0,439,,
0,3,,,,,,,,,8965.19,0.0,0.0,1,8965.19,,,oracle,,,,0.0,467,,
0,2,,,,,,,,,8955.67,0.0,0.0,1,8955.67,,,oracle,,,,0.0,423,,
0,0,,,,,,,,,8953.57,0.0,0.0,1,8953.57,,,oracle,,,,0.0,46,,
0,0,,,,,,,,,8934.75,0.0,0.0,1,8934.75,,,oracle,,,,0.0,269,,
0,1,,,,,,,,,8928.68,0.0,0.0,1,8928.68,,,oracle,,,,0.0,252,,
0,2,,,,,,,,,8915.73,0.0,0.0,1,8915.73,,,oracle,,,,0.0,391,,
0,1,,,,,,,,,8907.61,0.0,0.0,1,8907.61,,,oracle,,,,0.0,221,,
0,2,,,,,,,,,8876.64,0.0,0.0,1,8876.64,,,oracle,,,,0.0,196,,
0,0,,,,,,,,,8864.48,0.0,0.0,1,8864.48,,,oracle,,,,0.0,13,,
0,0,,,,,,,,,8841.61,0.0,0.0,1,8841.61,,,oracle,,,,0.0,187,,
0,0,,,,,,,,,8839.6,0.0,0.0,1,8839.6,,,oracle,,,,0.0,159,,
0,0,,,,,,,,,8829.95,0.0,0.0,1,8829.95,,,oracle,,,,0.0,85,,
0,0,,,,,,,,,8809.53,0.0,0.0,1,8809.53,,,oracle,,,,0.0,421,,
0,2,,,,,,,,,8806.3,0.0,0.0,1,8806.3,,,oracle,,,,0.0,242,,
0,0,,,,,,,,,8805.45,0.0,0.0,1,8805.45,,,oracle,,,,0.0,126,,
0,5,,,,,,,,,8756.31,0.0,0.0,1,8756.31,,,oracle,,,,0.0,305,,
0,2,,,,,,,,,8756.09,0.0,0.0,1,8756.09,,,oracle,,,,0.0,230,,
0,1,,,,,,,,,8737.31,0.0,0.0,1,8737.31,,,oracle,,,,0.0,83,,
0,2,,,,,,,,,8687.49,0.0,0.0,1,8687.49,,,oracle,,,,0.0,289,,
0,0,,,,,,,,,8687.45,0.0,0.0,1,8687.45,,,oracle,,,,0.0,449,,
0,0,,,,,,,,,8633.99,0.0,0.0,1,8633.99,,,oracle,,,,0.0,193,,
0,2,,,,,,,,,8618.92,0.0,0.0,1,8618.92,,,oracle,,,,0.0,290,,
0,5,,,,,,,,,8614.14,0.0,0.0,1,8614.14,,,oracle,,,,0.0,461,,
0,2,,,,,,,,,8594.11,0.0,0.0,1,8594.11,,,oracle,,,,0.0,482,,
0,0,,,,,,,,,8594.07,0.0,0.0,1,8594.07,,,oracle,,,,0.0,423,,
0,0,,,,,,,,,8589.29,0.0,0.0,1,8589.29,,,oracle,,,,0.0,316,,
0,0,,,,,,,,,8514.45,0.0,0.0,1,8514.45,,,oracle,,,,0.0,111,,
0,3,,,,,,,,,8504.19,0.0,0.0,1,8504.19,,,oracle,,,,0.0,162,,
0,2,,,,,,,,,8484.15,0.0,0.0,1,8484.15,,,oracle,,,,0.0,204,,
0,3,,,,,,,,,8481.89,0.0,0.0,1,8481.89,,,oracle,,,,0.0,425,,
0,0,,,,,,,,,8449.32,0.0,0.0,1,8449.32,,,oracle,,,,0.0,224,,
0,1,,,,,,,,,8445.91,0.0,0.0,1,8445.91,,,oracle,,,,0.0,237,,
0,1,,,,,,,,,8436.36,0.0,0.0,1,8436.36,,,oracle,,,,0.0,225,,
0,0,,,,,,,,,8426.33,0.0,0.0,1,8426.33,,,oracle,,,,0.0,72,,
0,0,,,,,,,,,8424.38,0.0,0.0,1,8424.38,,,oracle,,,,0.0,83,,
0,1,,,,,,,,,8414.09,0.0,0.0,1,8414.09,,,oracle,,,,0.0,116,,
0,2,,,,,,,,,8368.4,0.0,0.0,1,8368.4,,,oracle,,,,0.0,125,,
0,0,,,,,,,,,8354.77,0.0,0.0,1,8354.77,,,oracle,,,,0.0,299,,
0,1,,,,,,,,,8354.34,0.0,0.0,1,8354.34,,,oracle,,,,0.0,215,,
0,1,,,,,,,,,8335.04,0.0,0.0,1,8335.04,,,oracle,,,,0.0,142,,
0,1,,,,,,,,,8306.62,0.0,0.0,1,8306.62,,,oracle,,,,0.0,209,,
0,1,,,,,,,,,8299.91,0.0,0.0,1,8299.91,,,oracle,,,,0.0,350,,
0,5,,,,,,,,,8274.58,0.0,0.0,1,8274.58,,,oracle,,,,0.0,492,,
0,1,,,,,,,,,8264.15,0.0,0.0,1,8264.15,,,oracle,,,,0.0,448,,
0,1,,,,,,,,,8260.85,0.0,0.0,1,8260.85,,,oracle,,,,0.0,127,,
0,1,,,,,,,,,8210.34,0.0,0.0,1,8210.34,,,oracle,,,,0.0,351,,
0,3,,,,,,,,,8207.7,0.0,0.0,1,8207.7,,,oracle,,,,0.0,394,,
0,0,,,,,,,,,8207.06,0.0,0.0,1,8207.06,,,oracle,,,,0.0,91,,
0,1,,,,,,,,,8199.38,0.0,0.0,1,8199.38,,,oracle,,,,0.0,28,,
0,1,,,,,,,,,8196.21,0.0,0.0,1,8196.21,,,oracle,,,,0.0,41,,
0,3,,,,,,,,,8193.68,0.0,0.0,1,8193.68,,,oracle,,,,0.0,172,,
0,3,,,,,,,,,8192.6,0.0,0.0,1,8192.6,,,oracle,,,,0.0,255,,
0,1,,,,,,,,,8188.15,0.0,0.0,1,8188.15,,,oracle,,,,0.0,430,,
0,0,,,,,,,,,8184.14,0.0,0.0,1,8184.14,,,oracle,,,,0.0,346,,
0,2,,,,,,,,,8171.16,0.0,0.0,1,8171.16,,,oracle,,,,0.0,67,,
0,0,,,,,,,,,8167.89,0.0,0.0,1,8167.89,,,oracle,,,,0.0,343,,
0,0,,,,,,,,,8150.29,0.0,0.0,1,8150.29,,,oracle,,,,0.0,383,,
0,2,,,,,,,,,8150.04,0.0,0.0,1,8150.04,,,oracle,,,,0.0,277,,
0,0,,,,,,,,,8106.07,0.0,0.0,1,8106.07,,,oracle,,,,0.0,18,,
0,1,,,,,,,,,8103.96,0.0,0.0,1,8103.96,,,oracle,,,,0.0,418,,
0,4,,,,,,,,,8094.69,0.0,0.0,1,8094.69,,,oracle,,,,0.0,300,,
0,0,,,,,,,,,8070.67,0.0,0.0,1,8070.67,,,oracle,,,,0.0,296,,
0,2,,,,,,,,,8069.9,0.0,0.0,1,8069.9,,,oracle,,,,0.0,422,,
0,1,,,,,,,,,8054.7,0.0,0.0,1,8054.7,,,oracle,,,,0.0,272,,
0,4,,,,,,,,,8049.19,0.0,0.0,1,8049.19,,,oracle,,,,0.0,270,,
0,0,,,,,,,,,8047.27,0.0,0.0,1,8047.27,,,oracle,,,,0.0,34,,
0,2,,,,,,,,,8034.27,0.0,0.0,1,8034.27,,,oracle,,,,0.0,82,,
0,1,,,,,,,,,7993.17,0.0,0.0,1,7993.17,,,oracle,,,,0.0,373,,
0,2,,,,,,,,,7988.49,0.0,0.0,1,7988.49,,,oracle,,,,0.0,120,,
0,0,,,,,,,,,7938.14,0.0,0.0,1,7938.14,,,oracle,,,,0.0,31,,
0,1,,,,,,,,,7931.49,0.0,0.0,1,7931.49,,,oracle,,,,0.0,445,,
0,1,,,,,,,,,7914.63,0.0,0.0,1,7914.63,,,oracle,,,,0.0,412,,
0,0,,,,,,,,,7865.29,0.0,0.0,1,7865.29,,,oracle,,,,0.0,392,,
0,2,,,,,,,,,7842.78,0.0,0.0,1,7842.78,,,oracle,,,,0.0,62,,
0,1,,,,,,,,,7791.82,0.0,0.0,1,7791.82,,,oracle,,,,0.0,346,,
0,0,,,,,,,,,7783.53,0.0,0.0,1,7783.53,,,oracle,,,,0.0,108,,
0,0,,,,,,,,,7763.66,0.0,0.0,1,7763.66,,,oracle,,,,0.0,267,,
0,2,,,,,,,,,7745.81,0.0,0.0,1,7745.81,,,oracle,,,,0.0,475,,
0,0,,,,,,,,,7727.02,0.0,0.0,1,7727.02,,,oracle,,,,0.0,286,,
0,0,,,,,,,,,7720.33,0.0,0.0,1,7720.33,,,oracle,,,,0.0,427,,
0,0,,,,,,,,,7718.7,0.0,0.0,1,7718.7,,,oracle,,,,0.0,478,,
0,1,,,,,,,,,7703.95,0.0,0.0,1,7703.95,,,oracle,,,,0.0,425,,
0,2,,,,,,,,,7674.4,0.0,0.0,1,7674.4,,,oracle,,,,0.0,351,,
0,1,,,,,,,,,7668.13,0.0,0.0,1,7668.13,,,oracle,,,,0.0,73,,
0,4,,,,,,,,,7661.4,0.0,0.0,1,7661.4,,,oracle,,,,0.0,194,,
0,0,,,,,,,,,7634.18,0.0,0.0,1,7634.18,,,oracle,,,,0.0,258,,
0,0,,,,,,,,,7629.5,0.0,0.0,1,7629.5,,,oracle,,,,0.0,89,,
0,3,,,,,,,,,7614.33,0.0,0.0,1,7614.33,,,oracle,,,,0.0,335,,
0,2,,,,,,,,,7578.45,0.0,0.0,1,7578.45,,,oracle,,,,0.0,355,,
0,0,,,,,,,,,7567.18,0.0,0.0,1,7567.18,,,oracle,,,,0.0,23,,
0,1,,,,,,,,,7560.42,0.0,0.0,1,7560.42,,,oracle,,,,0.0,119,,
0,1,,,,,,,,,7549.24,0.0,0.0,1,7549.24,,,oracle,,,,0.0,78,,
0,1,,,,,,,,,7548.97,0.0,0.0,1,7548.97,,,oracle,,,,0.0,300,,
0,1,,,,,,,,,7523.16,0.0,0.0,1,7523.16,,,oracle,,,,0.0,380,,
0,3,,,,,,,,,7520.71,0.0,0.0,1,7520.71,,,oracle,,,,0.0,456,,
0,2,,,,,,,,,7517.11,0.0,0.0,1,7517.11,,,oracle,,,,0.0,75,,
0,2,,,,,,,,,7507.03,0.0,0.0,1,7507.03,,,oracle,,,,0.0,478,,
0,1,,,,,,,,,7461.98,0.0,0.0,1,7461.98,,,oracle,,,,0.0,262,,
0,2,,,,,,,,,7427.49,0.0,0.0,1,7427.49,,,oracle,,,,0.0,131,,
0,5,,,,,,,,,7415.74,0.0,0.0,1,7415.74,,,oracle,,,,0.0,445,,
0,0,,,,,,,,,7401.65,0.0,0.0,1,7401.65,,,oracle,,,,0.0,87,,
0,0,,,,,,,,,7393.31,0.0,0.0,1,7393.31,,,oracle,,,,0.0,315,,
0,1,,,,,,,,,7391.12,0.0,0.0,1,7391.12,,,oracle,,,,0.0,112,,
0,0,,,,,,,,,7388.45,0.0,0.0,1,7388.45,,,oracle,,,,0.0,197,,
0,2,,,,,,,,,7382.56,0.0,0.0,1,7382.56,,,oracle,,,,0.0,326,,
0,2,,,,,,,,,7375.19,0.0,0.0,1,7375.19,,,oracle,,,,0.0,501,,
0,0,,,,,,,,,7372.54,0.0,0.0,1,7372.54,,,oracle,,,,0.0,54,,
0,0,,,,,,,,,7345.62,0.0,0.0,1,7345.62,,,oracle,,,,0.0,6,,
0,4,,,,,,,,,7345.0,0.0,0.0,1,7345.0,,,oracle,,,,0.0,42,,
0,2,,,,,,,,,7336.68,0.0,0.0,1,7336.68,,,oracle,,,,0.0,76,,
0,2,,,,,,,,,7335.16,0.0,0.0,1,7335.16,,,oracle,,,,0.0,263,,
0,1,,,,,,,,,7333.89,0.0,0.0,1,7333.89,,,oracle,,,,0.0,295,,
0,2,,,,,,,,,7322.32,0.0,0.0,1,7322.32,,,oracle,,,,0.0,323,,
0,1,,,,,,,,,7320.39,0.0,0.0,1,7320.39,,,oracle,,,,0.0,337,,
0,1,,,,,,,,,7309.47,0.0,0.0,1,7309.47,,,oracle,,,,0.0,161,,
0,4,,,,,,,,,7306.05,0.0,0.0,1,7306.05,,,oracle,,,,0.0,431,,
0,5,,,,,,,,,7305.41,0.0,0.0,1,7305.41,,,oracle,,,,0.0,300,,
0,0,,,,,,,,,7290.75,0.0,0.0,1,7290.75,,,oracle,,,,0.0,384,,
0,4,,,,,,,,,7286.38,0.0,0.0,1,7286.38,,,oracle,,,,0.0,394,,
0,0,,,,,,,,,7285.83,0.0,0.0,1,7285.83,,,oracle,,,,0.0,119,,
0,2,,,,,,,,,7273.63,0.0,0.0,1,7273.63,,,oracle,,,,0.0,211,,
0,1,,,,,,,,,7244.53,0.0,0.0,1,7244.53,,,oracle,,,,0.0,493,,
0,0,,,,,,,,,7217.51,0.0,0.0,1,7217.51,,,oracle,,,,0.0,150,,
0,1,,,,,,,,,7217.28,0.0,0.0,1,7217.28,,,oracle,,,,0.0,439,,
0,2,,,,,,,,,7213.16,0.0,0.0,1,7213.16,,,oracle,,,,0.0,360,,
0,0,,,,,,,,,7211.47,0.0,0.0,1,7211.47,,,oracle,,,,0.0,452,,
0,0,,,,,,,,,7181.05,0.0,0.0,1,7181.05,,,oracle,,,,0.0,12,,
0,0,,,,,,,,,7178.45,0.0,0.0,1,7178.45,,,oracle,,,,0.0,26,,
0,6,,,,,,,,,7175.71,0.0,0.0,1,7175.71,,,oracle,,,,0.0,204,,
0,0,,,,,,,,,7171.58,0.0,0.0,1,7171.58,,,oracle,,,,0.0,7,,
0,2,,,,,,,,,7152.08,0.0,0.0,1,7152.08,,,oracle,,,,0.0,269,,
0,0,,,,,,,,,7144.9,0.0,0.0,1,7144.9,,,oracle,,,,0.0,225,,
0,1,,,,,,,,,7143.87,0.0,0.0,1,7143.87,,,oracle,,,,0.0,358,,
0,2,,,,,,,,,7141.67,0.0,0.0,1,7141.67,,,oracle,,,,0.0,318,,
0,3,,,,,,,,,7137.34,0.0,0.0,1,7137.34,,,oracle,,,,0.0,499,,
0,1,,,,,,,,,7130.85,0.0,0.0,1,7130.85,,,oracle,,,,0.0,254,,
0,4,,,,,,,,,7120.79,0.0,0.0,1,7120.79,,,oracle,,,,0.0,288,,
0,1,,,,,,,,,7096.99,0.0,0.0,1,7096.99,,,oracle,,,,0.0,13,,
0,5,,,,,,,,,7095.39,0.0,0.0,1,7095.39,,,oracle,,,,0.0,13,,
0,1,,,,,,,,,7081.7,0.0,0.0,1,7081.7,,,oracle,,,,0.0,411,,
0,2,,,,,,,,,7053.97,0.0,0.0,1,7053.97,,,oracle,,,,0.0,294,,
0,2,,,,,,,,,7052.32,0.0,0.0,1,7052.32,,,oracle,,,,0.0,138,,
0,5,,,,,,,,,7050.9,0.0,0.0,1,7050.9,,,oracle,,,,0.0,112,,
0,1,,,,,,,,,7048.71,0.0,0.0,1,7048.71,,,oracle,,,,0.0,289,,
0,3,,,,,,,,,7048.22,0.0,0.0,1,7048.22,,,oracle,,,,0.0,112,,
0,3,,,,,,,,,7043.87,0.0,0.0,1,7043.87,,,oracle,,,,0.0,127,,
0,1,,,,,,,,,7035.25,0.0,0.0,1,7035.25,,,oracle,,,,0.0,21,,
0,1,,,,,,,,,7019.29,0.0,0.0,1,7019.29,,,oracle,,,,0.0,469,,
0,3,,,,,,,,,7014.45,0.0,0.0,1,7014.45,,,oracle,,,,0.0,206,,
0,3,,,,,,,,,7008.96,0.0,0.0,1,7008.96,,,oracle,,,,0.0,495,,
0,1,,,,,,,,,6976.15,0.0,0.0,1,6976.15,,,oracle,,,,0.0,85,,
0,0,,,,,,,,,6973.82,0.0,0.0,1,6973.82,,,oracle,,,,0.0,393,,
0,0,,,,,,,,,6968.23,0.0,0.0,1,6968.23,,,oracle,,,,0.0,222,,
0,2,,,,,,,,,6949.0,0.0,0.0,1,6949.0,,,oracle,,,,0.0,111,,
0,0,,,,,,,,,6937.91,0.0,0.0,1,6937.91,,,oracle,,,,0.0,75,,
0,3,,,,,,,,,6934.65,0.0,0.0,1,6934.65,,,oracle,,,,0.0,461,,
0,4,,,,,,,,,6908.31,0.0,0.0,1,6908.31,,,oracle,,,,0.0,501,,
0,3,,,,,,,,,6884.16,0.0,0.0,1,6884.16,,,oracle,,,,0.0,269,,
0,2,,,,,,,,,6882.85,0.0,0.0,1,6882.85,,,oracle,,,,0.0,433,,
0,0,,,,,,,,,6882.77,0.0,0.0,1,6882.77,,,oracle,,,,0.0,22,,
0,2,,,,,,,,,6867.78,0.0,0.0,1,6867.78,,,oracle,,,,0.0,35,,
0,1,,,,,,,,,6830.71,0.0,0.0,1,6830.71,,,oracle,,,,0.0,436,,
0,1,,,,,,,,,6824.11,0.0,0.0,1,6824.11,,,oracle,,,,0.0,393,,
0,2,,,,,,,,,6809.33,0.0,0.0,1,6809.33,,,oracle,,,,0.0,223,,
0,5,,,,,,,,,6805.63,0.0,0.0,1,6805.63,,,oracle,,,,0.0,157,,
0,0,,,,,,,,,6801.84,0.0,0.0,1,6801.84,,,oracle,,,,0.0,198,,
0,0,,,,,,,,,6763.21,0.0,0.0,1,6763.21,,,oracle,,,,0.0,477,,
0,2,,,,,,,,,6762.1,0.0,0.0,1,6762.1,,,oracle,,,,0.0,126,,
0,0,,,,,,,,,6749.73,0.0,0.0,1,6749.73,,,oracle,,,,0.0,178,,
0,2,,,,,,,,,6749.34,0.0,0.0,1,6749.34,,,oracle,,,,0.0,98,,
0,2,,,,,,,,,6743.73,0.0,0.0,1,6743.73,,,oracle,,,,0.0,373,,
0,3,,,,,,,,,6740.86,0.0,0.0,1,6740.86,,,oracle,,,,0.0,263,,
0,2,,,,,,,,,6737.47,0.0,0.0,1,6737.47,,,oracle,,,,0.0,497,,
0,1,,,,,,,,,6711.07,0.0,0.0,1,6711.07,,,oracle,,,,0.0,306,,
0,2,,,,,,,,,6708.66,0.0,0.0,1,6708.66,,,oracle,,,,0.0,443,,
0,0,,,,,,,,,6701.94,0.0,0.0,1,6701.94,,,oracle,,,,0.0,136,,
0,3,,,,,,,,,6686.77,0.0,0.0,1,6686.77,,,oracle,,,,0.0,51,,
0,1,,,,,,,,,6684.05,0.0,0.0,1,6684.05,,,oracle,,,,0.0,384,,
0,3,,,,,,,,,6669.15,0.0,0.0,1,6669.15,,,oracle,,,,0.0,205,,
0,1,,,,,,,,,6651.45,0.0,0.0,1,6651.45,,,oracle,,,,0.0,492,,
0,1,,,,,,,,,6648.62,0.0,0.0,1,6648.62,,,oracle,,,,0.0,449,,
0,0,,,,,,,,,6648.02,0.0,0.0,1,6648.02,,,oracle,,,,0.0,149,,
0,0,,,,,,,,,6647.71,0.0,0.0,1,6647.71,,,oracle,,,,0.0,58,,
0,2,,,,,,,,,6643.28,0.0,0.0,1,6643.28,,,oracle,,,,0.0,206,,
0,1,,,,,,,,,6639.1,0.0,0.0,1,6639.1,,,oracle,,,,0.0,361,,
0,3,,,,,,,,,6635.21,0.0,0.0,1,6635.21,,,oracle,,,,0.0,406,,
0,1,,,,,,,,,6607.86,0.0,0.0,1,6607.86,,,oracle,,,,0.0,345,,
0,2,,,,,,,,,6605.81,0.0,0.0,1,6605.81,,,oracle,,,,0.0,52,,
0,2,,,,,,,,,6592.75,0.0,0.0,1,6592.75,,,oracle,,,,0.0,302,,
0,2,,,,,,,,,6585.12,0.0,0.0,1,6585.12,,,oracle,,,,0.0,195,,
0,0,,,,,,,,,6573.81,0.0,0.0,1,6573.81,,,oracle,,,,0.0,120,,
0,2,,,,,,,,,6568.36,0.0,0.0,1,6568.36,,,oracle,,,,0.0,265,,
0,1,,,,,,,,,6567.13,0.0,0.0,1,6567.13,,,oracle,,,,0.0,357,,
0,1,,,,,,,,,6565.27,0.0,0.0,1,6565.27,,,oracle,,,,0.0,329,,
0,4,,,,,,,,,6564.89,0.0,0.0,1,6564.89,,,oracle,,,,0.0,341,,
0,0,,,,,,,,,6548.77,0.0,0.0,1,6548.77,,,oracle,,,,0.0,37,,
0,0,,,,,,,,,6522.75,0.0,0.0,1,6522.75,,,oracle,,,,0.0,412,,
0,3,,,,,,,,,6522.29,0.0,0.0,1,6522.29,,,oracle,,,,0.0,500,,
0,0,,,,,,,,,6516.57,0.0,0.0,1,6516.57,,,oracle,,,,0.0,458,,
0,1,,,,,,,,,6495.28,0.0,0.0,1,6495.28,,,oracle,,,,0.0,260,,
0,2,,,,,,,,,6493.77,0.0,0.0,1,6493.77,,,oracle,,,,0.0,92,,
0,3,,,,,,,,,6485.27,0.0,0.0,1,6485.27,,,oracle,,,,0.0,92,,
0,1,,,,,,,,,6485.04,0.0,0.0,1,6485.04,,,oracle,,,,0.0,146,,
0,1,,,,,,,,,6482.66,0.0,0.0,1,6482.66,,,oracle,,,,0.0,323,,
0,0,,,,,,,,,6478.25,0.0,0.0,1,6478.25,,,oracle,,,,0.0,261,,
0,2,,,,,,,,,6469.63,0.0,0.0,1,6469.63,,,oracle,,,,0.0,322,,
0,1,,,,,,,,,6469.08,0.0,0.0,1,6469.08,,,oracle,,,,0.0,172,,
0,2,,,,,,,,,6448.45,0.0,0.0,1,6448.45,,,oracle,,,,0.0,393,,
0,3,,,,,,,,,6440.77,0.0,0.0,1,6440.77,,,oracle,,,,0.0,464,,
0,1,,,,,,,,,6439.61,0.0,0.0,1,6439.61,,,oracle,,,,0.0,40,,
0,1,,,,,,,,,6435.93,0.0,0.0,1,6435.93,,,oracle,,,,0.0,320,,
0,2,,,,,,,,,6434.33,0.0,0.0,1,6434.33,,,oracle,,,,0.0,149,,
0,0,,,,,,,,,6432.54,0.0,0.0,1,6432.54,,,oracle,,,,0.0,487,,
0,0,,,,,,,,,6418.23,0.0,0.0,1,6418.23,,,oracle,,,,0.0,295,,
0,1,,,,,,,,,6411.29,0.0,0.0,1,6411.29,,,oracle,,,,0.0,61,,
0,0,,,,,,,,,6387.42,0.0,0.0,1,6387.42,,,oracle,,,,0.0,40,,
0,2,,,,,,,,,6379.15,0.0,0.0,1,6379.15,,,oracle,,,,0.0,15,,
0,1,,,,,,,,,6370.65,0.0,0.0,1,6370.65,,,oracle,,,,0.0,43,,
0,0,,,,,,,,,6368.49,0.0,0.0,1,6368.49,,,oracle,,,,0.0,503,,
0,1,,,,,,,,,6353.51,0.0,0.0,1,6353.51,,,oracle,,,,0.0,177,,
0,3,,,,,,,,,6353.11,0.0,0.0,1,6353.11,,,oracle,,,,0.0,469,,
0,3,,,,,,,,,6341.33,0.0,0.0,1,6341.33,,,oracle,,,,0.0,225,,
0,0,,,,,,,,,6336.35,0.0,0.0,1,6336.35,,,oracle,,,,0.0,344,,
0,2,,,,,,,,,6327.99,0.0,0.0,1,6327.99,,,oracle,,,,0.0,166,,
0,1,,,,,,,,,6320.28,0.0,0.0,1,6320.28,,,oracle,,,,0.0,7,,
0,1,,,,,,,,,6313.4,0.0,0.0,1,6313.4,,,oracle,,,,0.0,108,,
0,0,,,,,,,,,6301.09,0.0,0.0,1,6301.09,,,oracle,,,,0.0,182,,
0,0,,,,,,,,,6286.65,0.0,0.0,1,6286.65,,,oracle,,,,0.0,396,,
0,1,,,,,,,,,6283.48,0.0,0.0,1,6283.48,,,oracle,,,,0.0,192,,
0,3,,,,,,,,,6274.49,0.0,0.0,1,6274.49,,,oracle,,,,0.0,305,,
0,2,,,,,,,,,6266.73,0.0,0.0,1,6266.73,,,oracle,,,,0.0,358,,
0,0,,,,,,,,,6264.54,0.0,0.0,1,6264.54,,,oracle,,,,0.0,399,,
0,1,,,,,,,,,6251.45,0.0,0.0,1,6251.45,,,oracle,,,,0.0,144,,
0,0,,,,,,,,,6238.96,0.0,0.0,1,6238.96,,,oracle,,,,0.0,172,,
0,1,,,,,,,,,6234.46,0.0,0.0,1,6234.46,,,oracle,,,,0.0,274,,
0,2,,,,,,,,,6227.15,0.0,0.0,1,6227.15,,,oracle,,,,0.0,68,,
0,4,,,,,,,,,6222.43,0.0,0.0,1,6222.43,,,oracle,,,,0.0,340,,
0,1,,,,,,,,,6207.89,0.0,0.0,1,6207.89,,,oracle,,,,0.0,298,,
0,4,,,,,,,,,6162.81,0.0,0.0,1,6162.81,,,oracle,,,,0.0,178,,
0,2,,,,,,,,,6152.94,0.0,0.0,1,6152.94,,,oracle,,,,0.0,260,,
0,2,,,,,,,,,6152.05,0.0,0.0,1,6152.05,,,oracle,,,,0.0,117,,
0,5,,,,,,,,,6146.84,0.0,0.0,1,6146.84,,,oracle,,,,0.0,228,,
0,6,,,,,,,,,6146.48,0.0,0.0,1,6146.48,,,oracle,,,,0.0,205,,
0,2,,,,,,,,,6104.69,0.0,0.0,1,6104.69,,,oracle,,,,0.0,148,,
0,3,,,,,,,,,6100.56,0.0,0.0,1,6100.56,,,oracle,,,,0.0,140,,
0,4,,,,,,,,,6092.0,0.0,0.0,1,6092.0,,,oracle,,,,0.0,313,,
0,0,,,,,,,,,6052.99,0.0,0.0,1,6052.99,,,oracle,,,,0.0,19,,
0,3,,,,,,,,,6047.8,0.0,0.0,1,6047.8,,,oracle,,,,0.0,89,,
0,4,,,,,,,,,6040.29,0.0,0.0,1,6040.29,,,oracle,,,,0.0,425,,
0,0,,,,,,,,,6032.32,0.0,0.0,1,6032.32,,,oracle,,,,0.0,328,,
0,1,,,,,,,,,6030.5,0.0,0.0,1,6030.5,,,oracle,,,,0.0,331,,
0,3,,,,,,,,,6017.04,0.0,0.0,1,6017.04,,,oracle,,,,0.0,115,,
0,2,,,,,,,,,6015.49,0.0,0.0,1,6015.49,,,oracle,,,,0.0,377,,
0,0,,,,,,,,,6013.35,0.0,0.0,1,6013.35,,,oracle,,,,0.0,337,,
0,0,,,,,,,,,6010.33,0.0,0.0,1,6010.33,,,oracle,,,,0.0,502,,
0,2,,,,,,,,,5985.27,0.0,0.0,1,5985.27,,,oracle,,,,0.0,23,,
0,2,,,,,,,,,5981.16,0.0,0.0,1,5981.16,,,oracle,,,,0.0,245,,
0,1,,,,,,,,,5977.84,0.0,0.0,1,5977.84,,,oracle,,,,0.0,302,,
0,0,,,,,,,,,5976.4,0.0,0.0,1,5976.4,,,oracle,,,,0.0,141,,
0,0,,,,,,,,,5968.21,0.0,0.0,1,5968.21,,,oracle,,,,0.0,156,,
0,3,,,,,,,,,5954.65,0.0,0.0,1,5954.65,,,oracle,,,,0.0,317,,
0,1,,,,,,,,,5949.44,0.0,0.0,1,5949.44,,,oracle,,,,0.0,281,,
0,1,,,,,,,,,5947.13,0.0,0.0,1,5947.13,,,oracle,,,,0.0,82,,
0,0,,,,,,,,,5945.85,0.0,0.0,1,5945.85,,,oracle,,,,0.0,48,,
0,1,,,,,,,,,5935.85,0.0,0.0,1,5935.85,,,oracle,,,,0.0,42,,
0,4,,,,,,,,,5929.7,0.0,0.0,1,5929.7,,,oracle,,,,0.0,459,,
0,0,,,,,,,,,5923.75,0.0,0.0,1,5923.75,,,oracle,,,,0.0,405,,
0,2,,,,,,,,,5916.63,0.0,0.0,1,5916.63,,,oracle,,,,0.0,275,,
0,3,,,,,,,,,5907.96,0.0,0.0,1,5907.96,,,oracle,,,,0.0,147,,
0,1,,,,,,,,,5879.55,0.0,0.0,1,5879.55,,,oracle,,,,0.0,284,,
0,0,,,,,,,,,5871.64,0.0,0.0,1,5871.64,,,oracle,,,,0.0,336,,
0,0,,,,,,,,,5863.39,0.0,0.0,1,5863.39,,,oracle,,,,0.0,391,,
0,0,,,,,,,,,5863.27,0.0,0.0,1,5863.27,,,oracle,,,,0.0,84,,
0,1,,,,,,,,,5853.85,0.0,0.0,1,5853.85,,,oracle,,,,0.0,122,,
0,1,,,,,,,,,5849.65,0.0,0.0,1,5849.65,,,oracle,,,,0.0,456,,
0,2,,,,,,,,,5849.16,0.0,0.0,1,5849.16,,,oracle,,,,0.0,390,,
0,1,,,,,,,,,5846.5,0.0,0.0,1,5846.5,,,oracle,,,,0.0,84,,
0,3,,,,,,,,,5845.11,0.0,0.0,1,5845.11,,,oracle,,,,0.0,195,,
0,0,,,,,,,,,5832.02,0.0,0.0,1,5832.02,,,oracle,,,,0.0,367,,
0,0,,,,,,,,,5818.63,0.0,0.0,1,5818.63,,,oracle,,,,0.0,360,,
0,0,,,,,,,,,5813.98,0.0,0.0,1,5813.98,,,oracle,,,,0.0,482,,
0,1,,,,,,,,,5807.15,0.0,0.0,1,5807.15,,,oracle,,,,0.0,258,,
0,0,,,,,,,,,5804.91,0.0,0.0,1,5804.91,,,oracle,,,,0.0,145,,
0,0,,,,,,,,,5776.14,0.0,0.0,1,5776.14,,,oracle,,,,0.0,410,,
0,3,,,,,,,,,5774.19,0.0,0.0,1,5774.19,,,oracle,,,,0.0,377,,
0,2,,,,,,,,,5773.12,0.0,0.0,1,5773.12,,,oracle,,,,0.0,284,,
0,1,,,,,,,,,5768.55,0.0,0.0,1,5768.55,,,oracle,,,,0.0,322,,
0,0,,,,,,,,,5742.78,0.0,0.0,1,5742.78,,,oracle,,,,0.0,491,,
0,3,,,,,,,,,5739.98,0.0,0.0,1,5739.98,,,oracle,,,,0.0,3,,
0,2,,,,,,,,,5735.67,0.0,0.0,1,5735.67,,,oracle,,,,0.0,115,,
0,5,,,,,,,,,5735.02,0.0,0.0,1,5735.02,,,oracle,,,,0.0,429,,
0,4,,,,,,,,,5730.98,0.0,0.0,1,5730.98,,,oracle,,,,0.0,54,,
0,3,,,,,,,,,5730.2,0.0,0.0,1,5730.2,,,oracle,,,,0.0,144,,
0,0,,,,,,,,,5725.95,0.0,0.0,1,5725.95,,,oracle,,,,0.0,211,,
0,3,,,,,,,,,5716.24,0.0,0.0,1,5716.24,,,oracle,,,,0.0,337,,
0,0,,,,,,,,,5692.66,0.0,0.0,1,5692.66,,,oracle,,,,0.0,209,,
0,1,,,,,,,,,5683.96,0.0,0.0,1,5683.96,,,oracle,,,,0.0,396,,
0,0,,,,,,,,,5683.0,0.0,0.0,1,5683.0,,,oracle,,,,0.0,358,,
0,5,,,,,,,,,5681.48,0.0,0.0,1,5681.48,,,oracle,,,,0.0,205,,
0,1,,,,,,,,,5669.43,0.0,0.0,1,5669.43,,,oracle,,,,0.0,417,,
0,2,,,,,,,,,5659.27,0.0,0.0,1,5659.27,,,oracle,,,,0.0,292,,
0,1,,,,,,,,,5650.1,0.0,0.0,1,5650.1,,,oracle,,,,0.0,17,,
0,1,,,,,,,,,5650.03,0.0,0.0,1,5650.03,,,oracle,,,,0.0,129,,
0,1,,,,,,,,,5648.77,0.0,0.0,1,5648.77,,,oracle,,,,0.0,434,,
0,1,,,,,,,,,5645.85,0.0,0.0,1,5645.85,,,oracle,,,,0.0,461,,
0,2,,,,,,,,,5644.36,0.0,0.0,1,5644.36,,,oracle,,,,0.0,385,,
0,1,,,,,,,,,5643.3,0.0,0.0,1,5643.3,,,oracle,,,,0.0,317,,
0,1,,,,,,,,,5638.64,0.0,0.0,1,5638.64,,,oracle,,,,0.0,117,,
0,0,,,,,,,,,5628.15,0.0,0.0,1,5628.15,,,oracle,,,,0.0,154,,
0,1,,,,,,,,,5621.48,0.0,0.0,1,5621.48,,,oracle,,,,0.0,344,,
0,0,,,,,,,,,5614.65,0.0,0.0,1,5614.65,,,oracle,,,,0.0,490,,
0,3,,,,,,,,,5606.86,0.0,0.0,1,5606.86,,,oracle,,,,0.0,124,,
0,3,,,,,,,,,5590.16,0.0,0.0,1,5590.16,,,oracle,,,,0.0,166,,
0,1,,,,,,,,,5585.46,0.0,0.0,1,5585.46,,,oracle,,,,0.0,438,,
0,2,,,,,,,,,5581.62,0.0,0.0,1,5581.62,,,oracle,,,,0.0,340,,
0,0,,,,,,,,,5578.73,0.0,0.0,1,5578.73,,,oracle,,,,0.0,448,,
0,0,,,,,,,,,5562.36,0.0,0.0,1,5562.36,,,oracle,,,,0.0,239,,
0,1,,,,,,,,,5533.29,0.0,0.0,1,5533.29,,,oracle,,,,0.0,382,,
0,1,,,,,,,,,5526.45,0.0,0.0,1,5526.45,,,oracle,,,,0.0,11,,
0,2,,,,,,,,,5525.58,0.0,0.0,1,5525.58,,,oracle,,,,0.0,54,,
0,2,,,,,,,,,5519.51,0.0,0.0,1,5519.51,,,oracle,,,,0.0,467,,
0,2,,,,,,,,,5518.59,0.0,0.0,1,5518.59,,,oracle,,,,0.0,304,,
0,1,,,,,,,,,5507.41,0.0,0.0,1,5507.41,,,oracle,,,,0.0,93,,
0,0,,,,,,,,,5481.19,0.0,0.0,1,5481.19,,,oracle,,,,0.0,278,,
0,2,,,,,,,,,5478.84,0.0,0.0,1,5478.84,,,oracle,,,,0.0,232,,
0,1,,,,,,,,,5465.32,0.0,0.0,1,5465.32,,,oracle,,,,0.0,189,,
0,3,,,,,,,,,5457.01,0.0,0.0,1,5457.01,,,oracle,,,,0.0,396,,
0,3,,,,,,,,,5455.95,0.0,0.0,1,5455.95,,,oracle,,,,0.0,315,,
0,4,,,,,,,,,5444.72,0.0,0.0,1,5444.72,,,oracle,,,,0.0,317,,
0,3,,,,,,,,,5431.96,0.0,0.0,1,5431.96,,,oracle,,,,0.0,176,,
0,0,,,,,,,,,5425.51,0.0,0.0,1,5425.51,,,oracle,,,,0.0,180,,
0,0,,,,,,,,,5412.29,0.0,0.0,1,5412.29,,,oracle,,,,0.0,307,,
0,2,,,,,,,,,5409.51,0.0,0.0,1,5409.51,,,oracle,,,,0.0,140,,
0,0,,,,,,,,,5408.13,0.0,0.0,1,5408.13,,,oracle,,,,0.0,61,,
0,1,,,,,,,,,5394.25,0.0,0.0,1,5394.25,,,oracle,,,,0.0,424,,
0,0,,,,,,,,,5391.87,0.0,0.0,1,5391.87,,,oracle,,,,0.0,340,,
0,3,,,,,,,,,5379.51,0.0,0.0,1,5379.51,,,oracle,,,,0.0,380,,
0,0,,,,,,,,,5372.78,0.0,0.0,1,5372.78,,,oracle,,,,0.0,304,,
0,3,,,,,,,,,5354.44,0.0,0.0,1,5354.44,,,oracle,,,,0.0,99,,
0,1,,,,,,,,,5351.89,0.0,0.0,1,5351.89,,,oracle,,,,0.0,481,,
0,2,,,,,,,,,5325.61,0.0,0.0,1,5325.61,,,oracle,,,,0.0,119,,
0,0,,,,,,,,,5325.17,0.0,0.0,1,5325.17,,,oracle,,,,0.0,115,,
0,3,,,,,,,,,5325.11,0.0,0.0,1,5325.11,,,oracle,,,,0.0,353,,
0,3,,,,,,,,,5319.66,0.0,0.0,1,5319.66,,,oracle,,,,0.0,76,,
0,1,,,,,,,,,5305.11,0.0,0.0,1,5305.11,,,oracle,,,,0.0,163,,
0,0,,,,,,,,,5304.86,0.0,0.0,1,5304.86,,,oracle,,,,0.0,364,,
0,0,,,,,,,,,5296.09,0.0,0.0,1,5296.09,,,oracle,,,,0.0,323,,
0,0,,,,,,,,,5295.74,0.0,0.0,1,5295.74,,,oracle,,,,0.0,98,,
0,1,,,,,,,,,5291.05,0.0,0.0,1,5291.05,,,oracle,,,,0.0,483,,
0,0,,,,,,,,,5286.66,0.0,0.0,1,5286.66,,,oracle,,,,0.0,152,,
0,4,,,,,,,,,5286.59,0.0,0.0,1,5286.59,,,oracle,,,,0.0,23,,
0,1,,,,,,,,,5280.21,0.0,0.0,1,5280.21,,,oracle,,,,0.0,353,,
0,1,,,,,,,,,5274.2,0.0,0.0,1,5274.2,,,oracle,,,,0.0,107,,
0,1,,,,,,,,,5268.51,0.0,0.0,1,5268.51,,,oracle,,,,0.0,401,,
0,4,,,,,,,,,5254.32,0.0,0.0,1,5254.32,,,oracle,,,,0.0,429,,
0,0,,,,,,,,,5247.06,0.0,0.0,1,5247.06,,,oracle,,,,0.0,378,,
0,2,,,,,,,,,5239.6,0.0,0.0,1,5239.6,,,oracle,,,,0.0,337,,
0,0,,,,,,,,,5225.84,0.0,0.0,1,5225.84,,,oracle,,,,0.0,447,,
0,1,,,,,,,,,5219.91,0.0,0.0,1,5219.91,,,oracle,,,,0.0,183,,
0,3,,,,,,,,,5181.51,0.0,0.0,1,5181.51,,,oracle,,,,0.0,501,,
0,3,,,,,,,,,5154.59,0.0,0.0,1,5154.59,,,oracle,,,,0.0,350,,
0,1,,,,,,,,,5152.52,0.0,0.0,1,5152.52,,,oracle,,,,0.0,97,,
0,4,,,,,,,,,5146.15,0.0,0.0,1,5146.15,,,oracle,,,,0.0,426,,
0,1,,,,,,,,,5141.37,0.0,0.0,1,5141.37,,,oracle,,,,0.0,261,,
0,2,,,,,,,,,5140.91,0.0,0.0,1,5140.91,,,oracle,,,,0.0,187,,
0,0,,,,,,,,,5109.86,0.0,0.0,1,5109.86,,,oracle,,,,0.0,201,,
0,2,,,,,,,,,5105.84,0.0,0.0,1,5105.84,,,oracle,,,,0.0,459,,
0,1,,,,,,,,,5101.99,0.0,0.0,1,5101.99,,,oracle,,,,0.0,392,,
0,0,,,,,,,,,5098.89,0.0,0.0,1,5098.89,,,oracle,,,,0.0,190,,
0,0,,,,,,,,,5098.78,0.0,0.0,1,5098.78,,,oracle,,,,0.0,247,,
0,2,,,,,,,,,5094.54,0.0,0.0,1,5094.54,,,oracle,,,,0.0,361,,
0,0,,,,,,,,,5091.75,0.0,0.0,1,5091.75,,,oracle,,,,0.0,437,,
0,1,,,,,,,,,5091.72,0.0,0.0,1,5091.72,,,oracle,,,,0.0,166,,
0,1,,,,,,,,,5078.03,0.0,0.0,1,5078.03,,,oracle,,,,0.0,502,,
0,2,,,,,,,,,5075.12,0.0,0.0,1,5075.12,,,oracle,,,,0.0,237,,
0,2,,,,,,,,,5068.77,0.0,0.0,1,5068.77,,,oracle,,,,0.0,167,,
0,0,,,,,,,,,5059.85,0.0,0.0,1,5059.85,,,oracle,,,,0.0,471,,
0,1,,,,,,,,,5059.23,0.0,0.0,1,5059.23,,,oracle,,,,0.0,299,,
0,2,,,,,,,,,5044.36,0.0,0.0,1,5044.36,,,oracle,,,,0.0,152,,
0,2,,,,,,,,,5042.98,0.0,0.0,1,5042.98,,,oracle,,,,0.0,429,,
0,0,,,,,,,,,5017.95,0.0,0.0,1,5017.95,,,oracle,,,,0.0,160,,
0,0,,,,,,,,,5003.47,0.0,0.0,1,5003.47,,,oracle,,,,0.0,277,,
0,3,,,,,,,,,5002.37,0.0,0.0,1,5002.37,,,oracle,,,,0.0,119,,
0,4,,,,,,,,,4977.6,0.0,0.0,1,4977.6,,,oracle,,,,0.0,187,,
0,0,,,,,,,,,4964.75,0.0,0.0,1,4964.75,,,oracle,,,,0.0,418,,
0,4,,,,,,,,,4962.68,0.0,0.0,1,4962.68,,,oracle,,,,0.0,469,,
0,1,,,,,,,,,4957.24,0.0,0.0,1,4957.24,,,oracle,,,,0.0,207,,
0,0,,,,,,,,,4952.78,0.0,0.0,1,4952.78,,,oracle,,,,0.0,62,,
0,0,,,,,,,,,4911.14,0.0,0.0,1,4911.14,,,oracle,,,,0.0,146,,
0,3,,,,,,,,,4907.04,0.0,0.0,1,4907.04,,,oracle,,,,0.0,382,,
0,0,,,,,,,,,4891.32,0.0,0.0,1,4891.32,,,oracle,,,,0.0,368,,
0,0,,,,,,,,,4889.09,0.0,0.0,1,4889.09,,,oracle,,,,0.0,411,,
0,0,,,,,,,,,4831.52,0.0,0.0,1,4831.52,,,oracle,,,,0.0,43,,
0,1,,,,,,,,,4828.89,0.0,0.0,1,4828.89,,,oracle,,,,0.0,378,,
0,6,,,,,,,,,4824.98,0.0,0.0,1,4824.98,,,oracle,,,,0.0,300,,
0,0,,,,,,,,,4815.51,0.0,0.0,1,4815.51,,,oracle,,,,0.0,283,,
0,4,,,,,,,,,4796.49,0.0,0.0,1,4796.49,,,oracle,,,,0.0,350,,
0,0,,,,,,,,,4794.92,0.0,0.0,1,4794.92,,,oracle,,,,0.0,161,,
0,0,,,,,,,,,4753.46,0.0,0.0,1,4753.46,,,oracle,,,,0.0,322,,
0,0,,,,,,,,,4733.7,0.0,0.0,1,4733.7,,,oracle,,,,0.0,5,,
0,2,,,,,,,,,4728.97,0.0,0.0,1,4728.97,,,oracle,,,,0.0,485,,
0,1,,,,,,,,,4714.34,0.0,0.0,1,4714.34,,,oracle,,,,0.0,446,,
0,0,,,,,,,,,4708.69,0.0,0.0,1,4708.69,,,oracle,,,,0.0,131,,
0,3,,,,,,,,,4696.07,0.0,0.0,1,4696.07,,,oracle,,,,0.0,149,,
0,1,,,,,,,,,4655.99,0.0,0.0,1,4655.99,,,oracle,,,,0.0,109,,
0,3,,,,,,,,,4649.26,0.0,0.0,1,4649.26,,,oracle,,,,0.0,475,,
0,1,,,,,,,,,4640.63,0.0,0.0,1,4640.63,,,oracle,,,,0.0,308,,
0,0,,,,,,,,,4640.55,0.0,0.0,1,4640.55,,,oracle,,,,0.0,14,,
0,1,,,,,,,,,4635.99,0.0,0.0,1,4635.99,,,oracle,,,,0.0,283,,
0,0,,,,,,,,,4613.63,0.0,0.0,1,4613.63,,,oracle,,,,0.0,461,,
0,0,,,,,,,,,4599.29,0.0,0.0,1,4599.29,,,oracle,,,,0.0,420,,
0,2,,,,,,,,,4595.97,0.0,0.0,1,4595.97,,,oracle,,,,0.0,394,,
0,2,,,,,,,,,4593.0,0.0,0.0,1,4593.0,,,oracle,,,,0.0,197,,
0,2,,,,,,,,,4590.91,0.0,0.0,1,4590.91,,,oracle,,,,0.0,468,,
0,0,,,,,,,,,4579.03,0.0,0.0,1,4579.03,,,oracle,,,,0.0,69,,
0,7,,,,,,,,,4536.33,0.0,0.0,1,4536.33,,,oracle,,,,0.0,228,,
0,2,,,,,,,,,4519.57,0.0,0.0,1,4519.57,,,oracle,,,,0.0,324,,
0,3,,,,,,,,,4509.72,0.0,0.0,1,4509.72,,,oracle,,,,0.0,18,,
0,1,,,,,,,,,3748.52,0.0,0.0,1,3748.52,,,oracle,,,,0.0,249,,
0,1,,,,,,,,,3739.92,0.0,0.0,1,3739.92,,,oracle,,,,0.0,219,,
0,0,,,,,,,,,3736.88,0.0,0.0,1,3736.88,,,oracle,,,,0.0,287,,
0,1,,,,,,,,,3735.36,0.0,0.0,1,3735.36,,,oracle,,,,0.0,92,,
0,0,,,,,,,,,3729.81,0.0,0.0,1,3729.81,,,oracle,,,,0.0,334,,
0,0,,,,,,,,,3720.44,0.0,0.0,1,3720.44,,,oracle,,,,0.0,317,,
0,2,,,,,,,,,3702.31,0.0,0.0,1,3702.31,,,oracle,,,,0.0,150,,
0,1,,,,,,,,,3694.64,0.0,0.0,1,3694.64,,,oracle,,,,0.0,359,,
0,1,,,,,,,,,3688.46,0.0,0.0,1,3688.46,,,oracle,,,,0.0,485,,
0,0,,,,,,,,,3680.67,0.0,0.0,1,3680.67,,,oracle,,,,0.0,442,,
0,0,,,,,,,,,3674.68,0.0,0.0,1,3674.68,,,oracle,,,,0.0,260,,
0,0,,,,,,,,,3670.31,0.0,0.0,1,3670.31,,,oracle,,,,0.0,365,,
0,2,,,,,,,,,3657.87,0.0,0.0,1,3657.87,,,oracle,,,,0.0,74,,
0,2,,,,,,,,,3653.96,0.0,0.0,1,3653.96,,,oracle,,,,0.0,184,,
0,3,,,,,,,,,3638.1,0.0,0.0,1,3638.1,,,oracle,,,,0.0,184,,
0,2,,,,,,,,,3630.59,0.0,0.0,1,3630.59,,,oracle,,,,0.0,122,,
0,0,,,,,,,,,3630.25,0.0,0.0,1,3630.25,,,oracle,,,,0.0,60,,
0,0,,,,,,,,,3593.94,0.0,0.0,1,3593.94,,,oracle,,,,0.0,11,,
0,4,,,,,,,,,3585.01,0.0,0.0,1,3585.01,,,oracle,,,,0.0,197,,
0,2,,,,,,,,,3582.7,0.0,0.0,1,3582.7,,,oracle,,,,0.0,387,,
0,2,,,,,,,,,3569.83,0.0,0.0,1,3569.83,,,oracle,,,,0.0,69,,
0,2,,,,,,,,,3565.96,0.0,0.0,1,3565.96,,,oracle,,,,0.0,270,,
0,0,,,,,,,,,3565.79,0.0,0.0,1,3565.79,,,oracle,,,,0.0,397,,
0,2,,,,,,,,,3563.34,0.0,0.0,1,3563.34,,,oracle,,,,0.0,440,,
0,1,,,,,,,,,3562.33,0.0,0.0,1,3562.33,,,oracle,,,,0.0,187,,
0,2,,,,,,,,,3554.05,0.0,0.0,1,3554.05,,,oracle,,,,0.0,470,,
0,0,,,,,,,,,3550.32,0.0,0.0,1,3550.32,,,oracle,,,,0.0,255,,
0,1,,,,,,,,,3540.75,0.0,0.0,1,3540.75,,,oracle,,,,0.0,16,,
0,4,,,,,,,,,3537.47,0.0,0.0,1,3537.47,,,oracle,,,,0.0,391,,
0,0,,,,,,,,,3529.63,0.0,0.0,1,3529.63,,,oracle,,,,0.0,475,,
0,0,,,,,,,,,3522.14,0.0,0.0,1,3522.14,,,oracle,,,,0.0,2,,
0,2,,,,,,,,,3516.92,0.0,0.0,1,3516.92,,,oracle,,,,0.0,249,,
0,1,,,,,,,,,3511.63,0.0,0.0,1,3511.63,,,oracle,,,,0.0,355,,
0,5,,,,,,,,,3508.46,0.0,0.0,1,3508.46,,,oracle,,,,0.0,151,,
0,1,,,,,,,,,3502.73,0.0,0.0,1,3502.73,,,oracle,,,,0.0,464,,
0,2,,,,,,,,,3502.02,0.0,0.0,1,3502.02,,,oracle,,,,0.0,172,,
0,1,,,,,,,,,3500.41,0.0,0.0,1,3500.41,,,oracle,,,,0.0,455,,
0,0,,,,,,,,,3499.88,0.0,0.0,1,3499.88,,,oracle,,,,0.0,302,,
0,2,,,,,,,,,3492.3,0.0,0.0,1,3492.3,,,oracle,,,,0.0,21,,
0,0,,,,,,,,,3489.01,0.0,0.0,1,3489.01,,,oracle,,,,0.0,275,,
0,2,,,,,,,,,3482.95,0.0,0.0,1,3482.95,,,oracle,,,,0.0,225,,
0,0,,,,,,,,,3478.52,0.0,0.0,1,3478.52,,,oracle,,,,0.0,321,,
0,0,,,,,,,,,3469.93,0.0,0.0,1,3469.93,,,oracle,,,,0.0,192,,
0,2,,,,,,,,,3460.02,0.0,0.0,1,3460.02,,,oracle,,,,0.0,99,,
0,1,,,,,,,,,3459.14,0.0,0.0,1,3459.14,,,oracle,,,,0.0,390,,
0,0,,,,,,,,,3455.12,0.0,0.0,1,3455.12,,,oracle,,,,0.0,134,,
0,4,,,,,,,,,3441.9,0.0,0.0,1,3441.9,,,oracle,,,,0.0,128,,
0,1,,,,,,,,,3441.48,0.0,0.0,1,3441.48,,,oracle,,,,0.0,75,,
0,0,,,,,,,,,3439.99,0.0,0.0,1,3439.99,,,oracle,,,,0.0,467,,
0,0,,,,,,,,,3429.63,0.0,0.0,1,3429.63,,,oracle,,,,0.0,71,,
0,0,,,,,,,,,3428.27,0.0,0.0,1,3428.27,,,oracle,,,,0.0,219,,
0,0,,,,,,,,,3391.96,0.0,0.0,1,3391.96,,,oracle,,,,0.0,0,,
0,1,,,,,,,,,3380.09,0.0,0.0,1,3380.09,,,oracle,,,,0.0,319,,
0,0,,,,,,,,,3377.33,0.0,0.0,1,3377.33,,,oracle,,,,0.0,104,,
0,2,,,,,,,,,3372.01,0.0,0.0,1,3372.01,,,oracle,,,,0.0,469,,
0,0,,,,,,,,,3366.13,0.0,0.0,1,3366.13,,,oracle,,,,0.0,438,,
0,3,,,,,,,,,3362.35,0.0,0.0,1,3362.35,,,oracle,,,,0.0,122,,
0,1,,,,,,,,,3359.63,0.0,0.0,1,3359.63,,,oracle,,,,0.0,212,,
0,3,,,,,,,,,3359.19,0.0,0.0,1,3359.19,,,oracle,,,,0.0,27,,
0,1,,,,,,,,,3346.69,0.0,0.0,1,3346.69,,,oracle,,,,0.0,386,,
0,5,,,,,,,,,3341.41,0.0,0.0,1,3341.41,,,oracle,,,,0.0,431,,
0,3,,,,,,,,,3331.22,0.0,0.0,1,3331.22,,,oracle,,,,0.0,197,,
0,0,,,,,,,,,3320.3,0.0,0.0,1,3320.3,,,oracle,,,,0.0,422,,
0,0,,,,,,,,,3306.81,0.0,0.0,1,3306.81,,,oracle,,,,0.0,81,,
0,0,,,,,,,,,3281.05,0.0,0.0,1,3281.05,,,oracle,,,,0.0,347,,
0,1,,,,,,,,,3280.08,0.0,0.0,1,3280.08,,,oracle,,,,0.0,479,,
0,2,,,,,,,,,3279.92,0.0,0.0,1,3279.92,,,oracle,,,,0.0,286,,
0,2,,,,,,,,,3279.34,0.0,0.0,1,3279.34,,,oracle,,,,0.0,278,,
0,1,,,,,,,,,3275.91,0.0,0.0,1,3275.91,,,oracle,,,,0.0,443,,
0,1,,,,,,,,,3267.58,0.0,0.0,1,3267.58,,,oracle,,,,0.0,365,,
0,2,,,,,,,,,3261.64,0.0,0.0,1,3261.64,,,oracle,,,,0.0,17,,
0,0,,,,,,,,,3259.79,0.0,0.0,1,3259.79,,,oracle,,,,0.0,318,,
0,1,,,,,,,,,3254.88,0.0,0.0,1,3254.88,,,oracle,,,,0.0,313,,
0,5,,,,,,,,,3236.45,0.0,0.0,1,3236.45,,,oracle,,,,0.0,324,,
0,0,,,,,,,,,3231.24,0.0,0.0,1,3231.24,,,oracle,,,,0.0,95,,
0,0,,,,,,,,,3218.06,0.0,0.0,1,3218.06,,,oracle,,,,0.0,390,,
0,0,,,,,,,,,3217.54,0.0,0.0,1,3217.54,,,oracle,,,,0.0,355,,
0,1,,,,,,,,,3212.8,0.0,0.0,1,3212.8,,,oracle,,,,0.0,238,,
0,1,,,,,,,,,3198.72,0.0,0.0,1,3198.72,,,oracle,,,,0.0,348,,
0,1,,,,,,,,,3193.0,0.0,0.0,1,3193.0,,,oracle,,,,0.0,229,,
0,2,,,,,,,,,3187.86,0.0,0.0,1,3187.86,,,oracle,,,,0.0,364,,
0,1,,,,,,,,,3185.3,0.0,0.0,1,3185.3,,,oracle,,,,0.0,453,,
0,3,,,,,,,,,3162.68,0.0,0.0,1,3162.68,,,oracle,,,,0.0,290,,
0,2,,,,,,,,,3162.34,0.0,0.0,1,3162.34,,,oracle,,,,0.0,181,,
0,3,,,,,,,,,3158.45,0.0,0.0,1,3158.45,,,oracle,,,,0.0,440,,
0,2,,,,,,,,,3155.7,0.0,0.0,1,3155.7,,,oracle,,,,0.0,24,,
0,2,,,,,,,,,3154.95,0.0,0.0,1,3154.95,,,oracle,,,,0.0,154,,
0,3,,,,,,,,,3150.88,0.0,0.0,1,3150.88,,,oracle,,,,0.0,488,,
0,2,,,,,,,,,3142.35,0.0,0.0,1,3142.35,,,oracle,,,,0.0,226,,
0,0,,,,,,,,,3119.18,0.0,0.0,1,3119.18,,,oracle,,,,0.0,366,,
0,0,,,,,,,,,3114.57,0.0,0.0,1,3114.57,,,oracle,,,,0.0,301,,
0,0,,,,,,,,,3109.11,0.0,0.0,1,3109.11,,,oracle,,,,0.0,21,,
0,1,,,,,,,,,3092.77,0.0,0.0,1,3092.77,,,oracle,,,,0.0,34,,
0,2,,,,,,,,,3086.75,0.0,0.0,1,3086.75,,,oracle,,,,0.0,295,,
0,4,,,,,,,,,3069.52,0.0,0.0,1,3069.52,,,oracle,,,,0.0,380,,
0,1,,,,,,,,,3069.46,0.0,0.0,1,3069.46,,,oracle,,,,0.0,37,,
0,0,,,,,,,,,3053.21,0.0,0.0,1,3053.21,,,oracle,,,,0.0,162,,
0,1,,,,,,,,,3050.01,0.0,0.0,1,3050.01,,,oracle,,,,0.0,39,,
0,0,,,,,,,,,3046.24,0.0,0.0,1,3046.24,,,oracle,,,,0.0,429,,
0,2,,,,,,,,,3043.8,0.0,0.0,1,3043.8,,,oracle,,,,0.0,89,,
0,0,,,,,,,,,3034.28,0.0,0.0,1,3034.28,,,oracle,,,,0.0,479,,
0,1,,,,,,,,,3026.09,0.0,0.0,1,3026.09,,,oracle,,,,0.0,240,,
0,0,,,,,,,,,3025.54,0.0,0.0,1,3025.54,,,oracle,,,,0.0,271,,
0,2,,,,,,,,,3018.93,0.0,0.0,1,3018.93,,,oracle,,,,0.0,94,,
0,3,,,,,,,,,3017.59,0.0,0.0,1,3017.59,,,oracle,,,,0.0,411,,
0,1,,,,,,,,,3013.82,0.0,0.0,1,3013.82,,,oracle,,,,0.0,491,,
0,1,,,,,,,,,3012.85,0.0,0.0,1,3012.85,,,oracle,,,,0.0,19,,
0,2,,,,,,,,,2999.26,0.0,0.0,1,2999.26,,,oracle,,,,0.0,37,,
0,4,,,,,,,,,2997.01,0.0,0.0,1,2997.01,,,oracle,,,,0.0,177,,
0,0,,,,,,,,,2987.39,0.0,0.0,1,2987.39,,,oracle,,,,0.0,401,,
0,0,,,,,,,,,2982.2,0.0,0.0,1,2982.2,,,oracle,,,,0.0,494,,
0,0,,,,,,,,,2977.75,0.0,0.0,1,2977.75,,,oracle,,,,0.0,151,,
0,4,,,,,,,,,2976.35,0.0,0.0,1,2976.35,,,oracle,,,,0.0,331,,
0,2,,,,,,,,,2975.66,0.0,0.0,1,2975.66,,,oracle,,,,0.0,182,,
0,3,,,,,,,,,2957.45,0.0,0.0,1,2957.45,,,oracle,,,,0.0,103,,
0,0,,,,,,,,,2955.05,0.0,0.0,1,2955.05,,,oracle,,,,0.0,94,,
0,1,,,,,,,,,2953.24,0.0,0.0,1,2953.24,,,oracle,,,,0.0,239,,
0,0,,,,,,,,,2952.2,0.0,0.0,1,2952.2,,,oracle,,,,0.0,168,,
0,2,,,,,,,,,2943.32,0.0,0.0,1,2943.32,,,oracle,,,,0.0,502,,
0,1,,,,,,,,,2941.01,0.0,0.0,1,2941.01,,,oracle,,,,0.0,335,,
0,0,,,,,,,,,2940.31,0.0,0.0,1,2940.31,,,oracle,,,,0.0,373,,
0,1,,,,,,,,,2937.59,0.0,0.0,1,2937.59,,,oracle,,,,0.0,465,,
0,1,,,,,,,,,2935.28,0.0,0.0,1,2935.28,,,oracle,,,,0.0,50,,
0,2,,,,,,,,,2925.48,0.0,0.0,1,2925.48,,,oracle,,,,0.0,83,,
0,4,,,,,,,,,2925.48,0.0,0.0,1,2925.48,,,oracle,,,,0.0,205,,
0,2,,,,,,,,,2923.11,0.0,0.0,1,2923.11,,,oracle,,,,0.0,434,,
0,0,,,,,,,,,2922.45,0.0,0.0,1,2922.45,,,oracle,,,,0.0,470,,
0,2,,,,,,,,,2920.63,0.0,0.0,1,2920.63,,,oracle,,,,0.0,13,,
0,1,,,,,,,,,2909.0,0.0,0.0,1,2909.0,,,oracle,,,,0.0,303,,
0,1,,,,,,,,,2875.52,0.0,0.0,1,2875.52,,,oracle,,,,0.0,182,,
0,0,,,,,,,,,2868.31,0.0,0.0,1,2868.31,,,oracle,,,,0.0,110,,
0,0,,,,,,,,,2866.37,0.0,0.0,1,2866.37,,,oracle,,,,0.0,492,,
0,1,,,,,,,,,2865.4,0.0,0.0,1,2865.4,,,oracle,,,,0.0,26,,
0,2,,,,,,,,,2864.01,0.0,0.0,1,2864.01,,,oracle,,,,0.0,453,,
0,0,,,,,,,,,2861.83,0.0,0.0,1,2861.83,,,oracle,,,,0.0,350,,
0,0,,,,,,,,,2859.74,0.0,0.0,1,2859.74,,,oracle,,,,0.0,256,,
0,1,,,,,,,,,2835.37,0.0,0.0,1,2835.37,,,oracle,,,,0.0,457,,
0,3,,,,,,,,,2834.01,0.0,0.0,1,2834.01,,,oracle,,,,0.0,177,,
0,1,,,,,,,,,2826.14,0.0,0.0,1,2826.14,,,oracle,,,,0.0,278,,
0,4,,,,,,,,,2821.71,0.0,0.0,1,2821.71,,,oracle,,,,0.0,85,,
0,0,,,,,,,,,2815.09,0.0,0.0,1,2815.09,,,oracle,,,,0.0,500,,
0,3,,,,,,,,,2811.26,0.0,0.0,1,2811.26,,,oracle,,,,0.0,226,,
0,4,,,,,,,,,2805.58,0.0,0.0,1,2805.58,,,oracle,,,,0.0,372,,
0,3,,,,,,,,,2789.03,0.0,0.0,1,2789.03,,,oracle,,,,0.0,369,,
0,0,,,,,,,,,2767.65,0.0,0.0,1,2767.65,,,oracle,,,,0.0,376,,
0,2,,,,,,,,,2760.43,0.0,0.0,1,2760.43,,,oracle,,,,0.0,398,,
0,0,,,,,,,,,2748.67,0.0,0.0,1,2748.67,,,oracle,,,,0.0,351,,
0,0,,,,,,,,,2746.95,0.0,0.0,1,2746.95,,,oracle,,,,0.0,425,,
0,1,,,,,,,,,2742.01,0.0,0.0,1,2742.01,,,oracle,,,,0.0,360,,
0,2,,,,,,,,,2740.5,0.0,0.0,1,2740.5,,,oracle,,,,0.0,488,,
0,2,,,,,,,,,2737.71,0.0,0.0,1,2737.71,,,oracle,,,,0.0,1,,
0,2,,,,,,,,,2736.21,0.0,0.0,1,2736.21,,,oracle,,,,0.0,372,,
0,4,,,,,,,,,2733.84,0.0,0.0,1,2733.84,,,oracle,,,,0.0,83,,
0,1,,,,,,,,,2733.43,0.0,0.0,1,2733.43,,,oracle,,,,0.0,114,,
0,1,,,,,,,,,2726.03,0.0,0.0,1,2726.03,,,oracle,,,,0.0,385,,
0,2,,,,,,,,,2724.65,0.0,0.0,1,2724.65,,,oracle,,,,0.0,25,,
0,1,,,,,,,,,2720.81,0.0,0.0,1,2720.81,,,oracle,,,,0.0,140,,
0,0,,,,,,,,,2718.01,0.0,0.0,1,2718.01,,,oracle,,,,0.0,361,,
0,0,,,,,,,,,2704.97,0.0,0.0,1,2704.97,,,oracle,,,,0.0,66,,
0,0,,,,,,,,,2690.62,0.0,0.0,1,2690.62,,,oracle,,,,0.0,20,,
0,0,,,,,,,,,2688.31,0.0,0.0,1,2688.31,,,oracle,,,,0.0,408,,
0,0,,,,,,,,,2686.92,0.0,0.0,1,2686.92,,,oracle,,,,0.0,300,,
0,1,,,,,,,,,2660.7,0.0,0.0,1,2660.7,,,oracle,,,,0.0,220,,
0,1,,,,,,,,,2657.51,0.0,0.0,1,2657.51,,,oracle,,,,0.0,253,,
0,4,,,,,,,,,2648.41,0.0,0.0,1,2648.41,,,oracle,,,,0.0,151,,
0,1,,,,,,,,,2640.12,0.0,0.0,1,2640.12,,,oracle,,,,0.0,86,,
0,1,,,,,,,,,2636.59,0.0,0.0,1,2636.59,,,oracle,,,,0.0,340,,
0,2,,,,,,,,,2629.13,0.0,0.0,1,2629.13,,,oracle,,,,0.0,136,,
0,1,,,,,,,,,2622.12,0.0,0.0,1,2622.12,,,oracle,,,,0.0,270,,
0,1,,,,,,,,,2618.11,0.0,0.0,1,2618.11,,,oracle,,,,0.0,466,,
0,1,,,,,,,,,2610.55,0.0,0.0,1,2610.55,,,oracle,,,,0.0,305,,
0,4,,,,,,,,,2599.99,0.0,0.0,1,2599.99,,,oracle,,,,0.0,204,,
0,2,,,,,,,,,2590.42,0.0,0.0,1,2590.42,,,oracle,,,,0.0,96,,
0,1,,,,,,,,,2585.18,0.0,0.0,1,2585.18,,,oracle,,,,0.0,273,,
0,4,,,,,,,,,2583.87,0.0,0.0,1,2583.87,,,oracle,,,,0.0,245,,
0,1,,,,,,,,,2582.1,0.0,0.0,1,2582.1,,,oracle,,,,0.0,245,,
0,3,,,,,,,,,2581.66,0.0,0.0,1,2581.66,,,oracle,,,,0.0,492,,
0,0,,,,,,,,,2581.45,0.0,0.0,1,2581.45,,,oracle,,,,0.0,430,,
0,0,,,,,,,,,2580.06,0.0,0.0,1,2580.06,,,oracle,,,,0.0,338,,
0,0,,,,,,,,,2575.28,0.0,0.0,1,2575.28,,,oracle,,,,0.0,163,,
0,1,,,,,,,,,2575.24,0.0,0.0,1,2575.24,,,oracle,,,,0.0,173,,
0,2,,,,,,,,,2571.99,0.0,0.0,1,2571.99,,,oracle,,,,0.0,158,,
0,0,,,,,,,,,2568.49,0.0,0.0,1,2568.49,,,oracle,,,,0.0,184,,
0,3,,,,,,,,,2566.85,0.0,0.0,1,2566.85,,,oracle,,,,0.0,232,,
0,0,,,,,,,,,2557.76,0.0,0.0,1,2557.76,,,oracle,,,,0.0,263,,
0,1,,,,,,,,,2535.6,0.0,0.0,1,2535.6,,,oracle,,,,0.0,458,,
0,1,,,,,,,,,2527.79,0.0,0.0,1,2527.79,,,oracle,,,,0.0,246,,
0,1,,,,,,,,,2527.29,0.0,0.0,1,2527.29,,,oracle,,,,0.0,387,,
0,0,,,,,,,,,2523.58,0.0,0.0,1,2523.58,,,oracle,,,,0.0,419,,
0,1,,,,,,,,,2520.0,0.0,0.0,1,2520.0,,,oracle,,,,0.0,356,,
0,1,,,,,,,,,2509.11,0.0,0.0,1,2509.11,,,oracle,,,,0.0,181,,
0,2,,,,,,,,,2505.85,0.0,0.0,1,2505.85,,,oracle,,,,0.0,300,,
,0,1,1,0.5,1,2,LOW,NEW,HIGH,3391.96,449.0,450.0,1,,3000.0,1.2040133779264215,agent,2,TEU,1,,0,3000.0,3000.0
,1,,,,0,,LOW,NEW,HIGH,20158.24,449.0,449.0,0,,0.0,1.2040133779264215,agent,,TEU,3,,0,0.0,0.0
,1,,,,0,,LOW,NEW,HIGH,20158.24,449.0,449.0,0,,0.0,1.2040133779264215,agent,,REEF,1,,0,0.0,0.0
,0,,,,0,,LOW,RECURRING,HIGH,27497.26,449.0,449.0,0,,0.0,1.202947086403215,agent,,FEU,2,,1,0.0,0.0
,0,,,,0,,LOW,RECURRING,HIGH,27497.26,449.0,449.0,0,,0.0,1.202947086403215,agent,,HC,2,,1,0.0,0.0
,1,1,1,0.5,1,2,HIGH,NEW,HIGH,21762.09,445.0,449.0,1,,9600.0,1.202947086403215,agent,2,REEF,2,,1,19200.0,19200.0
,2,,,,0,,LOW,RECURRING,HIGH,2737.71,445.0,445.0,0,,0.0,1.202947086403215,agent,,TEU,1,,1,0.0,0.0
,0,,,,0,,HIGH,NEW,HIGH,3522.14,445.0,445.0,0,,0.0,1.1946308724832215,agent,,TEU,1,,2,0.0,0.0
,0,,,,0,,HIGH,NEW,HIGH,17868.31,445.0,445.0,0,,0.0,1.1954331766286097,agent,,FEU,1,,3,0.0,0.0
,0,,,,0,,HIGH,NEW,HIGH,17868.31,445.0,445.0,0,,0.0,1.1954331766286097,agent,,REEF,1,,3,0.0,0.0
,1,1,1,0.5,0,2,LOW,RECURRING,HIGH,10981.63,445.0,445.0,1,,3000.0,1.1954331766286097,agent,2,TEU,4,,3,12000.0,0.0
,2,,,,0,,LOW,NEW,HIGH,11888.04,445.0,445.0,0,,0.0,1.1954331766286097,agent,,TEU,1,,3,0.0,0.0
,2,,,,0,,LOW,NEW,HIGH,11888.04,445.0,445.0,0,,0.0,1.1954331766286097,agent,,FEU,1,,3,0.0,0.0
,2,,,,0,,LOW,NEW,HIGH,11888.04,445.0,445.0,0,,0.0,1.1954331766286097,agent,,HC,1,,3,0.0,0.0
,3,1,1,0.5,1,1,HIGH,RECURRING,HIGH,5739.98,443.0,445.0,1,,2500.0,1.1954331766286097,agent,1,TEU,2,,3,5000.0,5000.0
,0,1,1,0.5,1,2,LOW,RECURRING,HIGH,20054.98,437.0,443.0,1,,5400.0,1.1932659932659933,agent,2,FEU,2,,4,16560.0,16560.0
,0,1,1,0.5,1,2,LOW,RECURRING,HIGH,20054.98,437.0,443.0,1,,5760.0,1.1932659932659933,agent,2,HC,1,,4,16560.0,16560.0
,1,,,,0,,LOW,NEW,HIGH,14629.62,437.0,437.0,0,,0.0,1.1932659932659933,agent,,TEU,1,,4,0.0,0.0
,1,,,,0,,LOW,NEW,HIGH,14629.62,437.0,437.0,0,,0.0,1.1932659932659933,agent,,FEU,1,,4,0.0,0.0
,1,,,,0,,LOW,NEW,HIGH,14629.62,437.0,437.0,0,,0.0,1.1932659932659933,agent,,HC,1,,4,0.0,0.0
,2,2,1,0.6666666666666666,0,2,HIGH,NEW,HIGH,24346.37,437.0,437.0,1,,5400.0,1.1932659932659933,agent,2,FEU,1,,4,26520.0,0.0
,2,2,1,0.6666666666666666,0,2,HIGH,NEW,HIGH,24346.37,437.0,437.0,1,,5760.0,1.1932659932659933,agent,2,HC,2,,4,26520.0,0.0
,2,2,1,0.6666666666666666,0,2,HIGH,NEW,HIGH,24346.37,437.0,437.0,1,,9600.0,1.1932659932659933,agent,2,REEF,1,,4,26520.0,0.0
,3,,,,0,,LOW,RECURRING,HIGH,9066.37,437.0,437.0,0,,0.0,1.1932659932659933,agent,,TEU,1,,4,0.0,0.0
,3,,,,0,,LOW,RECURRING,HIGH,9066.37,437.0,437.0,0,,0.0,1.1932659932659933,agent,,HC,1,,4,0.0,0.0
,0,,,,0,,LOW,NEW,HIGH,4733.7,437.0,437.0,0,,0.0,1.1802835921674544,agent,,FEU,1,,5,0.0,0.0
,0,,,,0,,HIGH,NEW,HIGH,7345.62,437.0,437.0,0,,0.0,1.181081081081081,agent,,TEU,1,,6,0.0,0.0
,0,,,,0,,HIGH,NEW,HIGH,7345.62,437.0,437.0,0,,0.0,1.181081081081081,agent,,FEU,1,,6,0.0,0.0
,0,2,1,0.6666666666666666,1,2,LOW,NEW,HIGH,7171.58,435.0,437.0,1,,3000.0,1.1818796484110885,agent,2,TEU,2,,7,6000.0,6000.0
,1,,,,0,,LOW,NEW,HIGH,6320.28,435.0,435.0,0,,0.0,1.1818796484110885,agent,,TEU,2,,7,0.0,0.0
,0,,,,0,,LOW,NEW,HIGH,13984.41,435.0,435.0,0,,0.0,1.1780636425186188,agent,,TEU,2,,8,0.0,0.0
,0,,,,0,,LOW,NEW,HIGH,13984.41,435.0,435.0,0,,0.0,1.1780636425186188,agent,,HC,1,,8,0.0,0.0
,0,2,2,0.5,1,2,HIGH,NEW,HIGH,13802.16,431.0,435.0,1,,5760.0,1.1788617886178863,agent,2,HC,2,,9,11520.0,11520.0
,1,,,,0,,HIGH,RECURRING,HIGH,25560.52,431.0,431.0,0,,0.0,1.1788617886178863,agent,,FEU,1,,9,0.0,0.0
,1,,,,0,,HIGH,RECURRING,HIGH,25560.52,431.0,431.0,0,,0.0,1.1788617886178863,agent,,HC,1,,9,0.0,0.0
,1,,,,0,,HIGH,RECURRING,HIGH,25560.52,431.0,431.0,0,,0.0,1.1788617886178863,agent,,REEF,1,,9,0.0,0.0
,0,2,2,0.5,1,2,LOW,RECURRING,HIGH,13441.67,427.0,431.0,1,,5400.0,1.169606512890095,agent,2,FEU,2,,10,10800.0,10800.0
,1,,,,0,,HIGH,NEW,HIGH,35713.56,427.0,427.0,0,,0.0,1.169606512890095,agent,,TEU,2,,10,0.0,0.0
,1,,,,0,,HIGH,NEW,HIGH,35713.56,427.0,427.0,0,,0.0,1.169606512890095,agent,,FEU,2,,10,0.0,0.0
,1,,,,0,,HIGH,NEW,HIGH,35713.56,427.0,427.0,0,,0.0,1.169606512890095,agent,,HC,3,,10,0.0,0.0
,2,2,2,0.5,0,2,LOW,RECURRING,HIGH,17686.15,427.0,427.0,1,,3000.0,1.169606512890095,agent,2,TEU,1,,10,18360.0,0.0
,2,2,2,0.5,0,2,LOW,RECURRING,HIGH,17686.15,427.0,427.0,1,,5760.0,1.169606512890095,agent,2,HC,1,,10,18360.0,0.0
,2,2,2,0.5,0,2,LOW,RECURRING,HIGH,17686.15,427.0,427.0,1,,9600.0,1.169606512890095,agent,2,REEF,1,,10,18360.0,0.0
,0,,,,0,,LOW,RECURRING,HIGH,3593.94,427.0,427.0,0,,0.0,1.1611148878314073,agent,,TEU,1,,11,0.0,0.0
,1,2,3,0.4,1,2,LOW,RECURRING,HIGH,5526.45,425.0,427.0,1,,5400.0,1.1611148878314073,agent,2,FEU,1,,11,5400.0,5400.0
,2,,,,0,,LOW,NEW,HIGH,10110.4,425.0,425.0,0,,0.0,1.1611148878314073,agent,,TEU,2,,11,0.0,0.0
,2,,,,0,,LOW,NEW,HIGH,10110.4,425.0,425.0,0,,0.0,1.1611148878314073,agent,,HC,1,,11,0.0,0.0
,3,,,,0,,LOW,NEW,HIGH,11430.02,425.0,425.0,0,,0.0,1.1611148878314073,agent,,REEF,1,,11,0.0,0.0
,0,1,1,0.5,0,2,HIGH,RECURRING,HIGH,7181.05,425.0,425.0,1,,3000.0,1.1588275391956373,agent,2,TEU,1,,12,8400.0,0.0
,0,1,1,0.5,0,2,HIGH,RECURRING,HIGH,7181.05,425.0,425.0,1,,5400.0,1.1588275391956373,agent,2,FEU,1,,12,8400.0,0.0
,1,,,,0,,HIGH,NEW,HIGH,22366.83,425.0,425.0,0,,0.0,1.1588275391956373,agent,,TEU,2,,12,0.0,0.0
,1,,,,0,,HIGH,NEW,HIGH,22366.83,425.0,425.0,0,,0.0,1.1588275391956373,agent,,FEU,2,,12,0.0,0.0
,1,,,,0,,HIGH,NEW,HIGH,22366.83,425.0,425.0,0,,0.0,1.1588275391956373,agent,,HC,1,,12,0.0,0.0
,0,,,,0,,LOW,NEW,HIGH,8864.48,425.0,425.0,0,,0.0,1.1604095563139931,agent,,TEU,1,,13,0.0,0.0
,0,,,,0,,LOW,NEW,HIGH,8864.48,425.0,425.0,0,,0.0,1.1604095563139931,agent,,HC,1,,13,0.0,0.0
,1,,,,0,,LOW,NEW,HIGH,7096.99,425.0,425.0,0,,0.0,1.1604095563139931,agent,,TEU,2,,13,0.0,0.0
,2,,,,0,,HIGH,RECURRING,HIGH,2920.63,425.0,425.0,0,,0.0,1.1604095563139931,agent,,TEU,1,,13,0.0,0.0
,3,4,3,0.5714285714285714,1,2,LOW,RECURRING,HIGH,17322.59,420.0,425.0,1,,3000.0,1.1604095563139931,agent,2,TEU,3,,13,14400.0,14400.0
,3,4,3,0.5714285714285714,1,2,LOW,RECURRING,HIGH,17322.59,420.0,425.0,1,,5400.0,1.1604095563139931,agent,2,FEU,1,,13,14400.0,14400.0
,4,3,2,0.6,1,2,HIGH,NEW,HIGH,16465.12,416.0,420.0,1,,3000.0,1.1604095563139931,agent,2,TEU,2,,13,15600.0,15600.0
,4,3,2,0.6,1,2,HIGH,NEW,HIGH,16465.12,416.0,420.0,1,,9600.0,1.1604095563139931,agent,2,REEF,1,,13,15600.0,15600.0
,5,,,,0,,HIGH,NEW,HIGH,7095.39,416.0,416.0,0,,0.0,1.1604095563139931,agent,,TEU,2,,13,0.0,0.0
,0,,,,0,,HIGH,NEW,HIGH,4640.55,416.0,416.0,0,,0.0,1.1405071967100755,agent,,FEU,1,,14,0.0,0.0
,1,,,,0,,LOW,NEW,HIGH,13868.76,416.0,416.0,0,,0.0,1.1405071967100755,agent,,FEU,1,,14,0.0,0.0
,1,,,,0,,LOW,NEW,HIGH,13868.76,416.0,416.0,0,,0.0,1.1405071967100755,agent,,HC,1,,14,0.0,0.0
,0,,,,0,,LOW,NEW,HIGH,29176.78,416.0,416.0,0,,0.0,1.1420727522306109,agent,,TEU,1,,15,0.0,0.0
,0,,,,0,,LOW,NEW,HIGH,29176.78,416.0,416.0,0,,0.0,1.1420727522306109,agent,,HC,1,,15,0.0,0.0
,0,,,,0,,LOW,NEW,HIGH,29176.78,416.0,416.0,0,,0.0,1.1420727522306109,agent,,REEF,2,,15,0.0,0.0
,1,,,,0,,LOW,RECURRING,HIGH,13469.81,416.0,416.0,0,,0.0,1.1420727522306109,agent,,TEU,3,,15,0.0,0.0
,1,,,,0,,LOW,RECURRING,HIGH,13469.81,416.0,416.0,0,,0.0,1.1420727522306109,agent,,FEU,1,,15,0.0,0.0
,2,3,1,0.75,1,2,LOW,NEW,HIGH,6379.15,414.0,416.0,1,,3000.0,1.1420727522306109,agent,2,TEU,2,,15,6000.0,6000.0
,3,4,2,0.6666666666666666,1,2,HIGH,NEW,HIGH,17493.3,408.0,414.0,1,,5400.0,1.1420727522306109,agent,2,FEU,2,,15,16560.0,16560.0
,3,4,2,0.6666666666666666,1,2,HIGH,NEW,HIGH,17493.3,408.0,414.0,1,,5760.0,1.1420727522306109,agent,2,HC,1,,15,16560.0,16560.0
,0,,,,0,,HIGH,RECURRING,HIGH,10514.28,408.0,408.0,0,,0.0,1.1231933929800413,agent,,REEF,1,,16,0.0,0.0
,1,3,1,0.75,1,2,LOW,NEW,HIGH,3540.75,407.0,408.0,1,,3000.0,1.1231933929800413,agent,2,TEU,1,,16,3000.0,3000.0
,0,,,,0,,HIGH,NEW,HIGH,15275.39,407.0,407.0,0,,0.0,1.121984838042729,agent,,TEU,1,,17,0.0,0.0
,0,,,,0,,HIGH,NEW,HIGH,15275.39,407.0,407.0,0,,0.0,1.121984838042729,agent,,HC,2,,17,0.0,0.0
,1,,,,0,,HIGH,NEW,HIGH,5650.1,407.0,407.0,0,,0.0,1.121984838042729,agent,,TEU,2,,17,0.0,0.0
,2,,,,0,,HIGH,NEW,HIGH,3261.64,407.0,407.0,0,,0.0,1.121984838042729,agent,,TEU,1,,17,0.0,0.0
,0,,,,0,,LOW,NEW,HIGH,8106.07,407.0,407.0,0,,0.0,1.1243093922651934,agent,,REEF,1,,18,0.0,0.0
,1,4,1,0.8,1,2,LOW,NEW,HIGH,11344.2,405.0,407.0,1,,9600.0,1.1243093922651934,agent,2,REEF,1,,18,9600.0,9600.0
,2,,,,0,,LOW,RECURRING,HIGH,13366.84,405.0,405.0,0,,0.0,1.1243093922651934,agent,,TEU,2,,18,0.0,0.0
,2,,,,0,,LOW,RECURRING,HIGH,13366.84,405.0,405.0,0,,0.0,1.1243093922651934,agent,,HC,1,,18,0.0,0.0
,3,4,1,0.8,0,2,LOW,NEW,HIGH,4509.72,405.0,405.0,1,,5400.0,1.1243093922651934,agent,2,FEU,1,,18,5400.0,0.0
,0,,,,0,,LOW,RECURRING,HIGH,6052.99,405.0,405.0,0,,0.0,1.1218836565096952,agent,,FEU,1,,19,0.0,0.0
,1,,,,0,,LOW,NEW,HIGH,3012.85,405.0,405.0,0,,0.0,1.1218836565096952,agent,,TEU,1,,19,0.0,0.0
,0,,,,0,,HIGH,RECURRING,HIGH,2690.62,405.0,405.0,0,,0.0,1.1234396671289875,agent,,TEU,1,,20,0.0,0.0
,1,,,,0,,HIGH,NEW,HIGH,18683.42,405.0,405.0,0,,0.0,1.1234396671289875,agent,,TEU,4,,20,0.0,0.0
,1,,,,0,,HIGH,NEW,HIGH,18683.42,405.0,405.0,0,,0.0,1.1234396671289875,agent,,FEU,1,,20,0.0,0.0
,0,,,,0,,LOW,NEW,HIGH,3109.11,405.0,405.0,0,,0.0,1.125,agent,,TEU,1,,21,0.0,0.0
,1,,,,0,,LOW,NEW,HIGH,7035.25,405.0,405.0,0,,0.0,1.125,agent,,TEU,2,,21,0.0,0.0
,2,,,,0,,HIGH,NEW,HIGH,3492.3,405.0,405.0,0,,0.0,1.125,agent,,TEU,1,,21,0.0,0.0
,0,1,2,0.3333333333333333,1,2,HIGH,RECURRING,HIGH,6882.77,403.0,405.0,1,,3000.0,1.1273486430062631,agent,2,TEU,2,,22,6000.0,6000.0
,1,5,3,0.625,1,2,LOW,RECURRING,HIGH,13076.9,399.0,403.0,1,,3000.0,1.1273486430062631,agent,2,TEU,2,,22,11760.0,11760.0
,1,5,3,0.625,1,2,LOW,RECURRING,HIGH,13076.9,399.0,403.0,1,,5760.0,1.1273486430062631,agent,2,HC,1,,22,11760.0,11760.0
,0,,,,0,,HIGH,NEW,HIGH,7567.18,399.0,399.0,0,,0.0,1.1121951219512196,agent,,TEU,1,,23,0.0,0.0
,0,,,,0,,HIGH,NEW,HIGH,7567.18,399.0,399.0,0,,0.0,1.1121951219512196,agent,,FEU,1,,23,0.0,0.0
,1,,,,0,,LOW,NEW,HIGH,22801.4,399.0,399.0,0,,0.0,1.1121951219512196,agent,,TEU,2,,23,0.0,0.0
,1,,,,0,,LOW,NEW,HIGH,22801.4,399.0,399.0,0,,0.0,1.1121951219512196,agent,,FEU,1,,23,0.0,0.0
,1,,,,0,,LOW,NEW,HIGH,22801.4,399.0,399.0,0,,0.0,1.1121951219512196,agent,,REEF,1,,23,0.0,0.0
,2,,,,0,,LOW,RECURRING,HIGH,5985.27,399.0,399.0,0,,0.0,1.1121951219512196,agent,,FEU,1,,23,0.0,0.0
,3,,,,0,,LOW,NEW,HIGH,9335.6,399.0,399.0,0,,0.0,1.1121951219512196,agent,,TEU,1,,23,0.0,0.0
,3,,,,0,,LOW,NEW,HIGH,9335.6,399.0,399.0,0,,0.0,1.1121951219512196,agent,,FEU,1,,23,0.0,0.0
,4,,,,0,,LOW,RECURRING,HIGH,5286.59,399.0,399.0,0,,0.0,1.1121951219512196,agent,,HC,1,,23,0.0,0.0
,0,,,,0,,HIGH,NEW,HIGH,23769.75,399.0,399.0,0,,0.0,1.116083916083916,agent,,TEU,1,,24,0.0,0.0
,0,,,,0,,HIGH,NEW,HIGH,23769.75,399.0,399.0,0,,0.0,1.116083916083916,agent,,FEU,1,,24,0.0,0.0
,0,,,,0,,HIGH,NEW,HIGH,23769.75,399.0,399.0,0,,0.0,1.116083916083916,agent,,HC,1,,24,0.0,0.0
,0,,,,0,,HIGH,NEW,HIGH,23769.75,399.0,399.0,0,,0.0,1.116083916083916,agent,,REEF,1,,24,0.0,0.0
,1,5,2,0.7142857142857143,1,2,HIGH,NEW,HIGH,11604.28,395.0,399.0,1,,5400.0,1.116083916083916,agent,2,FEU,1,,24,11160.0,11160.0
,1,5,2,0.7142857142857143,1,2,HIGH,NEW,HIGH,11604.28,395.0,399.0,1,,5760.0,1.116083916083916,agent,2,HC,1,,24,11160.0,11160.0
,2,,,,0,,LOW,RECURRING,HIGH,3155.7,395.0,395.0,0,,0.0,1.116083916083916,agent,,TEU,1,,24,0.0,0.0
,3,,,,0,,LOW,NEW,HIGH,10747.67,395.0,395.0,0,,0.0,1.116083916083916,agent,,FEU,2,,24,0.0,0.0
,4,,,,0,,LOW,NEW,HIGH,11750.77,395.0,395.0,0,,0.0,1.116083916083916,agent,,TEU,2,,24,0.0,0.0
,4,,,,0,,LOW,NEW,HIGH,11750.77,395.0,395.0,0,,0.0,1.116083916083916,agent,,HC,1,,24,0.0,0.0
,0,,,,0,,LOW,RECURRING,HIGH,10618.95,395.0,395.0,0,,0.0,1.1087719298245613,agent,,REEF,1,,25,0.0,0.0
,1,,,,0,,LOW,NEW,HIGH,9315.29,395.0,395.0,0,,0.0,1.1087719298245613,agent,,FEU,1,,25,0.0,0.0
,1,,,,0,,LOW,NEW,HIGH,9315.29,395.0,395.0,0,,0.0,1.1087719298245613,agent,,HC,1,,25,0.0,0.0
,2,,,,0,,LOW,NEW,HIGH,2724.65,395.0,395.0,0,,0.0,1.1087719298245613,agent,,TEU,1,,25,0.0,0.0
,3,,,,0,,HIGH,RECURRING,HIGH,14858.22,395.0,395.0,0,,0.0,1.1087719298245613,agent,,TEU,3,,25,0.0,0.0
,3,,,,0,,HIGH,RECURRING,HIGH,14858.22,395.0,395.0,0,,0.0,1.1087719298245613,agent,,FEU,1,,25,0.0,0.0
,0,6,2,0.75,1,2,HIGH,NEW,HIGH,7178.45,393.0,395.0,1,,3000.0,1.1118930330752992,agent,2,TEU,2,,26,6000.0,6000.0
,1,,,,0,,LOW,RECURRING,HIGH,2865.4,393.0,393.0,0,,0.0,1.1118930330752992,agent,,TEU,1,,26,0.0,0.0
,2,,,,0,,LOW,RECURRING,HIGH,13265.68,393.0,393.0,0,,0.0,1.1118930330752992,agent,,TEU,2,,26,0.0,0.0
,2,,,,0,,LOW,RECURRING,HIGH,13265.68,393.0,393.0,0,,0.0,1.1118930330752992,agent,,HC,1,,26,0.0,0.0
,3,,,,0,,LOW,NEW,HIGH,9364.31,393.0,393.0,0,,0.0,1.1118930330752992,agent,,TEU,1,,26,0.0,0.0
,3,,,,0,,LOW,NEW,HIGH,9364.31,393.0,393.0,0,,0.0,1.1118930330752992,agent,,FEU,1,,26,0.0,0.0
,0,,,,0,,LOW,NEW,HIGH,16119.91,393.0,393.0,0,,0.0,1.1093860268172195,agent,,TEU,1,,27,0.0,0.0
,0,,,,0,,LOW,NEW,HIGH,16119.91,393.0,393.0,0,,0.0,1.1093860268172195,agent,,FEU,1,,27,0.0,0.0
,0,,,,0,,LOW,NEW,HIGH,16119.91,393.0,393.0,0,,0.0,1.1093860268172195,agent,,REEF,1,,27,0.0,0.0
,1,,,,0,,HIGH,NEW,HIGH,14068.33,393.0,393.0,0,,0.0,1.1093860268172195,agent,,TEU,1,,27,0.0,0.0
,1,,,,0,,HIGH,NEW,HIGH,14068.33,393.0,393.0,0,,0.0,1.1093860268172195,agent,,REEF,1,,27,0.0,0.0
,2,,,,0,,LOW,NEW,HIGH,17341.18,393.0,393.0,0,,0.0,1.1093860268172195,agent,,TEU,1,,27,0.0,0.0
,2,,,,0,,LOW,NEW,HIGH,17341.18,393.0,393.0,0,,0.0,1.1093860268172195,agent,,HC,2,,27,0.0,0.0
,3,,,,0,,LOW,NEW,HIGH,3359.19,393.0,393.0,0,,0.0,1.1093860268172195,agent,,TEU,1,,27,0.0,0.0
,0,,,,0,,LOW,RECURRING,HIGH,25650.59,393.0,393.0,0,,0.0,1.1125265392781316,agent,,TEU,1,,28,0.0,0.0
,0,,,,0,,LOW,RECURRING,HIGH,25650.59,393.0,393.0,0,,0.0,1.1125265392781316,agent,,FEU,2,,28,0.0,0.0
,0,,,,0,,LOW,RECURRING,HIGH,25650.59,393.0,393.0,0,,0.0,1.1125265392781316,agent,,HC,2,,28,0.0,0.0
,1,,,,0,,LOW,NEW,HIGH,8199.38,393.0,393.0,0,,0.0,1.1125265392781316,agent,,TEU,1,,28,0.0,0.0
,1,,,,0,,LOW,NEW,HIGH,8199.38,393.0,393.0,0,,0.0,1.1125265392781316,agent,,HC,1,,28,0.0,0.0
,2,,,,0,,LOW,RECURRING,HIGH,15411.81,393.0,393.0,0,,0.0,1.1125265392781316,agent,,TEU,1,,28,0.0,0.0
,2,,,,0,,LOW,RECURRING,HIGH,15411.81,393.0,393.0,0,,0.0,1.1125265392781316,agent,,FEU,2,,28,0.0,0.0
,0,,,,0,,LOW,RECURRING,HIGH,9524.68,393.0,393.0,0,,0.0,1.1148936170212767,agent,,TEU,2,,29,0.0,0.0
,0,,,,0,,LOW,RECURRING,HIGH,9524.68,393.0,393.0,0,,0.0,1.1148936170212767,agent,,FEU,1,,29,0.0,0.0
,1,,,,0,,LOW,NEW,HIGH,24989.39,393.0,393.0,0,,0.0,1.1148936170212767,agent,,HC,1,,29,0.0,0.0
,1,,,,0,,LOW,NEW,HIGH,24989.39,393.0,393.0,0,,0.0,1.1148936170212767,agent,,REEF,2,,29,0.0,0.0
,2,2,2,0.5,1,2,HIGH,RECURRING,HIGH,12891.04,389.0,393.0,1,,5400.0,1.1148936170212767,agent,2,FEU,1,,29,11160.0,11160.0
,2,2,2,0.5,1,2,HIGH,RECURRING,HIGH,12891.04,389.0,393.0,1,,5760.0,1.1148936170212767,agent,2,HC,1,,29,11160.0,11160.0
,3,,,,0,,HIGH,NEW,HIGH,15889.27,389.0,389.0,0,,0.0,1.1148936170212767,agent,,TEU,2,,29,0.0,0.0
,3,,,,0,,HIGH,NEW,HIGH,15889.27,389.0,389.0,0,,0.0,1.1148936170212767,agent,,REEF,1,,29,0.0,0.0
,0,7,2,0.7777777777777778,1,2,HIGH,NEW,HIGH,17264.58,383.0,389.0,1,,5400.0,1.1066856330014225,agent,2,FEU,2,,30,16560.0,16560.0
,0,7,2,0.7777777777777778,1,2,HIGH,NEW,HIGH,17264.58,383.0,389.0,1,,5760.0,1.1066856330014225,agent,2,HC,1,,30,16560.0,16560.0
,1,6,3,0.6666666666666666,1,2,LOW,RECURRING,HIGH,9309.0,380.0,383.0,1,,3000.0,1.1066856330014225,agent,2,TEU,1,,30,8400.0,8400.0
,1,6,3,0.6666666666666666,1,2,LOW,RECURRING,HIGH,9309.0,380.0,383.0,1,,5400.0,1.1066856330014225,agent,2,FEU,1,,30,8400.0,8400.0
,0,6,2,0.75,0,2,LOW,NEW,HIGH,7938.14,380.0,380.0,1,,3000.0,1.0826210826210827,agent,2,TEU,1,,31,8760.0,0.0
,0,6,2,0.75,0,2,LOW,NEW,HIGH,7938.14,380.0,380.0,1,,5760.0,1.0826210826210827,agent,2,HC,1,,31,8760.0,0.0
,1,,,,0,,LOW,NEW,HIGH,30299.35,380.0,380.0,0,,0.0,1.0826210826210827,agent,,TEU,2,,31,0.0,0.0
,1,,,,0,,LOW,NEW,HIGH,30299.35,380.0,380.0,0,,0.0,1.0826210826210827,agent,,FEU,2,,31,0.0,0.0
,1,,,,0,,LOW,NEW,HIGH,30299.35,380.0,380.0,0,,0.0,1.0826210826210827,agent,,REEF,1,,31,0.0,0.0
,0,,,,0,,HIGH,NEW,HIGH,21985.76,380.0,380.0,0,,0.0,1.0841654778887304,agent,,TEU,1,,32,0.0,0.0
,0,,,,0,,HIGH,NEW,HIGH,21985.76,380.0,380.0,0,,0.0,1.0841654778887304,agent,,FEU,1,,32,0.0,0.0
,0,,,,0,,HIGH,NEW,HIGH,21985.76,380.0,380.0,0,,0.0,1.0841654778887304,agent,,REEF,1,,32,0.0,0.0
,1,,,,0,,HIGH,RECURRING,HIGH,10435.48,380.0,380.0,0,,0.0,1.0841654778887304,agent,,FEU,1,,32,0.0,0.0
,1,,,,0,,HIGH,RECURRING,HIGH,10435.48,380.0,380.0,0,,0.0,1.0841654778887304,agent,,HC,1,,32,0.0,0.0
,2,,,,0,,LOW,RECURRING,HIGH,13757.67,380.0,380.0,0,,0.0,1.0841654778887304,agent,,TEU,2,,32,0.0,0.0
,2,,,,0,,LOW,RECURRING,HIGH,13757.67,380.0,380.0,0,,0.0,1.0841654778887304,agent,,FEU,1,,32,0.0,0.0
,0,,,,0,,HIGH,RECURRING,HIGH,10207.72,380.0,380.0,0,,0.0,1.0864903502501786,agent,,TEU,1,,33,0.0,0.0
,0,,,,0,,HIGH,RECURRING,HIGH,10207.72,380.0,380.0,0,,0.0,1.0864903502501786,agent,,FEU,1,,33,0.0,0.0
,1,,,,0,,LOW,NEW,HIGH,26376.17,380.0,380.0,0,,0.0,1.0864903502501786,agent,,TEU,2,,33,0.0,0.0
,1,,,,0,,LOW,NEW,HIGH,26376.17,380.0,380.0,0,,0.0,1.0864903502501786,agent,,FEU,3,,33,0.0,0.0
,2,,,,0,,LOW,NEW,HIGH,12641.42,380.0,380.0,0,,0.0,1.0864903502501786,agent,,FEU,1,,33,0.0,0.0
,2,,,,0,,LOW,NEW,HIGH,12641.42,380.0,380.0,0,,0.0,1.0864903502501786,agent,,HC,1,,33,0.0,0.0
,3,,,,0,,LOW,NEW,HIGH,13872.56,380.0,380.0,0,,0.0,1.0864903502501786,agent,,TEU,2,,33,0.0,0.0
,3,,,,0,,LOW,NEW,HIGH,13872.56,380.0,380.0,0,,0.0,1.0864903502501786,agent,,FEU,1,,33,0.0,0.0
,0,,,,0,,LOW,RECURRING,HIGH,8047.27,380.0,380.0,0,,0.0,1.0896057347670252,agent,,TEU,1,,34,0.0,0.0
,0,,,,0,,LOW,RECURRING,HIGH,8047.27,380.0,380.0,0,,0.0,1.0896057347670252,agent,,FEU,1,,34,0.0,0.0
,1,,,,0,,HIGH,NEW,HIGH,3092.77,380.0,380.0,0,,0.0,1.0896057347670252,agent,,TEU,1,,34,0.0,0.0
,2,,,,0,,HIGH,NEW,HIGH,10631.19,380.0,380.0,0,,0.0,1.0896057347670252,agent,,TEU,3,,34,0.0,0.0
,0,8,2,0.8,1,2,HIGH,NEW,HIGH,14324.36,376.0,380.0,1,,5760.0,1.0919540229885059,agent,2,HC,2,,35,11520.0,11520.0
,1,6,3,0.6666666666666666,1,2,LOW,NEW,HIGH,9323.57,373.0,376.0,1,,3000.0,1.0919540229885059,agent,2,TEU,1,,35,8400.0,8400.0
,1,6,3,0.6666666666666666,1,2,LOW,NEW,HIGH,9323.57,373.0,376.0,1,,5400.0,1.0919540229885059,agent,2,FEU,1,,35,8400.0,8400.0
,2,7,3,0.7,1,2,LOW,RECURRING,HIGH,6867.78,371.0,373.0,1,,5760.0,1.0919540229885059,agent,2,HC,1,,35,5760.0,5760.0
,3,6,3,0.6666666666666666,1,2,LOW,NEW,HIGH,10017.69,369.0,371.0,1,,9600.0,1.0919540229885059,agent,2,REEF,1,,35,9600.0,9600.0
,0,,,,0,,LOW,NEW,HIGH,19958.03,369.0,369.0,0,,0.0,1.063400576368876,agent,,TEU,3,,36,0.0,0.0
,0,,,,0,,LOW,NEW,HIGH,19958.03,369.0,369.0,0,,0.0,1.063400576368876,agent,,HC,2,,36,0.0,0.0
,1,,,,0,,HIGH,RECURRING,HIGH,13691.76,369.0,369.0,0,,0.0,1.063400576368876,agent,,TEU,1,,36,0.0,0.0
,1,,,,0,,HIGH,RECURRING,HIGH,13691.76,369.0,369.0,0,,0.0,1.063400576368876,agent,,REEF,1,,36,0.0,0.0
,2,,,,0,,LOW,RECURRING,HIGH,11217.07,369.0,369.0,0,,0.0,1.063400576368876,agent,,FEU,2,,36,0.0,0.0
,3,,,,0,,HIGH,NEW,HIGH,22809.28,369.0,369.0,0,,0.0,1.063400576368876,agent,,HC,1,,36,0.0,0.0
,3,,,,0,,HIGH,NEW,HIGH,22809.28,369.0,369.0,0,,0.0,1.063400576368876,agent,,REEF,2,,36,0.0,0.0
,0,,,,0,,HIGH,NEW,HIGH,6548.77,369.0,369.0,0,,0.0,1.0664739884393064,agent,,FEU,1,,37,0.0,0.0
,1,,,,0,,LOW,RECURRING,HIGH,3069.46,369.0,369.0,0,,0.0,1.0664739884393064,agent,,TEU,1,,37,0.0,0.0
,2,,,,0,,LOW,RECURRING,HIGH,2999.26,369.0,369.0,0,,0.0,1.0664739884393064,agent,,TEU,1,,37,0.0,0.0
,0,,,,0,,LOW,NEW,HIGH,12304.18,369.0,369.0,0,,0.0,1.0687907313540912,agent,,TEU,2,,38,0.0,0.0
,0,,,,0,,LOW,NEW,HIGH,12304.18,369.0,369.0,0,,0.0,1.0687907313540912,agent,,FEU,1,,38,0.0,0.0
,0,1,1,0.5,1,1,LOW,RECURRING,HIGH,12630.15,364.0,369.0,1,,2500.0,1.0695652173913044,agent,1,TEU,3,,39,12000.0,12000.0
,0,1,1,0.5,1,1,LOW,RECURRING,HIGH,12630.15,364.0,369.0,1,,4500.0,1.0695652173913044,agent,1,FEU,1,,39,12000.0,12000.0
,1,8,3,0.7272727272727273,1,2,LOW,NEW,HIGH,3050.01,363.0,364.0,1,,3000.0,1.0695652173913044,agent,2,TEU,1,,39,3000.0,3000.0
,2,8,3,0.7272727272727273,1,2,LOW,NEW,HIGH,17487.78,357.0,363.0,1,,5400.0,1.0695652173913044,agent,2,FEU,3,,39,16200.0,16200.0
,0,,,,0,,LOW,NEW,HIGH,6387.42,357.0,357.0,0,,0.0,1.037037037037037,agent,,FEU,1,,40,0.0,0.0
,1,,,,0,,HIGH,NEW,HIGH,6439.61,357.0,357.0,0,,0.0,1.037037037037037,agent,,TEU,2,,40,0.0,0.0
,2,,,,0,,HIGH,NEW,HIGH,17981.38,357.0,357.0,0,,0.0,1.037037037037037,agent,,FEU,1,,40,0.0,0.0
,2,,,,0,,HIGH,NEW,HIGH,17981.38,357.0,357.0,0,,0.0,1.037037037037037,agent,,HC,1,,40,0.0,0.0
,2,,,,0,,HIGH,NEW,HIGH,17981.38,357.0,357.0,0,,0.0,1.037037037037037,agent,,REEF,1,,40,0.0,0.0
,0,,,,0,,HIGH,RECURRING,HIGH,12047.22,357.0,357.0,0,,0.0,1.039301310043668,agent,,TEU,3,,41,0.0,0.0
,0,,,,0,,HIGH,RECURRING,HIGH,12047.22,357.0,357.0,0,,0.0,1.039301310043668,agent,,FEU,1,,41,0.0,0.0
,1,,,,0,,LOW,RECURRING,HIGH,8196.21,357.0,357.0,0,,0.0,1.039301310043668,agent,,REEF,1,,41,0.0,0.0
,0,,,,0,,HIGH,RECURRING,HIGH,21336.31,357.0,357.0,0,,0.0,1.0408163265306123,agent,,TEU,1,,42,0.0,0.0
,0,,,,0,,HIGH,RECURRING,HIGH,21336.31,357.0,357.0,0,,0.0,1.0408163265306123,agent,,FEU,1,,42,0.0,0.0
,0,,,,0,,HIGH,RECURRING,HIGH,21336.31,357.0,357.0,0,,0.0,1.0408163265306123,agent,,REEF,1,,42,0.0,0.0
,1,,,,0,,HIGH,RECURRING,HIGH,5935.85,357.0,357.0,0,,0.0,1.0408163265306123,agent,,FEU,1,,42,0.0,0.0
,2,,,,0,,LOW,NEW,HIGH,14141.0,357.0,357.0,0,,0.0,1.0408163265306123,agent,,FEU,1,,42,0.0,0.0
,2,,,,0,,LOW,NEW,HIGH,14141.0,357.0,357.0,0,,0.0,1.0408163265306123,agent,,REEF,1,,42,0.0,0.0
,3,,,,0,,LOW,NEW,HIGH,21215.23,357.0,357.0,0,,0.0,1.0408163265306123,agent,,REEF,2,,42,0.0,0.0
,4,,,,0,,HIGH,NEW,HIGH,7345.0,357.0,357.0,0,,0.0,1.0408163265306123,agent,,TEU,1,,42,0.0,0.0
,4,,,,0,,HIGH,NEW,HIGH,7345.0,357.0,357.0,0,,0.0,1.0408163265306123,agent,,HC,1,,42,0.0,0.0
,5,,,,0,,HIGH,RECURRING,HIGH,15293.09,357.0,357.0,0,,0.0,1.0408163265306123,agent,,TEU,2,,42,0.0,0.0
,5,,,,0,,HIGH,RECURRING,HIGH,15293.09,357.0,357.0,0,,0.0,1.0408163265306123,agent,,HC,2,,42,0.0,0.0
,0,,,,0,,LOW,NEW,HIGH,4831.52,357.0,357.0,0,,0.0,1.0453879941434847,agent,,HC,1,,43,0.0,0.0
,1,,,,0,,HIGH,RECURRING,HIGH,6370.65,357.0,357.0,0,,0.0,1.0453879941434847,agent,,FEU,1,,43,0.0,0.0
,0,,,,0,,HIGH,RECURRING,HIGH,22823.19,357.0,357.0,0,,0.0,1.0469208211143695,agent,,TEU,1,,44,0.0,0.0
,0,,,,0,,HIGH,RECURRING,HIGH,22823.19,357.0,357.0,0,,0.0,1.0469208211143695,agent,,HC,3,,44,0.0,0.0
,0,,,,0,,LOW,RECURRING,HIGH,13164.62,357.0,357.0,0,,0.0,1.0476889214966985,agent,,FEU,2,,45,0.0,0.0
,1,,,,0,,LOW,RECURRING,HIGH,14694.03,357.0,357.0,0,,0.0,1.0476889214966985,agent,,TEU,1,,45,0.0,0.0
,1,,,,0,,LOW,RECURRING,HIGH,14694.03,357.0,357.0,0,,0.0,1.0476889214966985,agent,,REEF,1,,45,0.0,0.0
,2,3,2,0.6,1,2,HIGH,RECURRING,HIGH,13960.97,353.0,357.0,1,,3000.0,1.0476889214966985,agent,2,TEU,2,,45,11760.0,11760.0
,2,3,2,0.6,1,2,HIGH,RECURRING,HIGH,13960.97,353.0,357.0,1,,5760.0,1.0476889214966985,agent,2,HC,1,,45,11760.0,11760.0
,0,,,,0,,LOW,NEW,HIGH,8953.57,353.0,353.0,0,,0.0,1.0382352941176471,agent,,TEU,1,,46,0.0,0.0
,0,,,,0,,LOW,NEW,HIGH,8953.57,353.0,353.0,0,,0.0,1.0382352941176471,agent,,HC,1,,46,0.0,0.0
,1,,,,0,,HIGH,NEW,HIGH,17929.17,353.0,353.0,0,,0.0,1.0382352941176471,agent,,TEU,2,,46,0.0,0.0
,1,,,,0,,HIGH,NEW,HIGH,17929.17,353.0,353.0,0,,0.0,1.0382352941176471,agent,,FEU,1,,46,0.0,0.0
,1,,,,0,,HIGH,NEW,HIGH,17929.17,353.0,353.0,0,,0.0,1.0382352941176471,agent,,REEF,1,,46,0.0,0.0
,0,,,,0,,HIGH,NEW,HIGH,22818.65,353.0,353.0,0,,0.0,1.0397643593519883,agent,,TEU,1,,47,0.0,0.0
,0,,,,0,,HIGH,NEW,HIGH,22818.65,353.0,353.0,0,,0.0,1.0397643593519883,agent,,FEU,2,,47,0.0,0.0
,0,,,,0,,HIGH,NEW,HIGH,22818.65,353.0,353.0,0,,0.0,1.0397643593519883,agent,,HC,1,,47,0.0,0.0
,1,,,,0,,LOW,NEW,HIGH,10170.48,353.0,353.0,0,,0.0,1.0397643593519883,agent,,TEU,2,,47,0.0,0.0
,1,,,,0,,LOW,NEW,HIGH,10170.48,353.0,353.0,0,,0.0,1.0397643593519883,agent,,HC,1,,47,0.0,0.0
,2,,,,0,,HIGH,NEW,HIGH,22630.43,353.0,353.0,0,,0.0,1.0397643593519883,agent,,TEU,2,,47,0.0,0.0
,2,,,,0,,HIGH,NEW,HIGH,22630.43,353.0,353.0,0,,0.0,1.0397643593519883,agent,,FEU,1,,47,0.0,0.0
,2,,,,0,,HIGH,NEW,HIGH,22630.43,353.0,353.0,0,,0.0,1.0397643593519883,agent,,REEF,1,,47,0.0,0.0
,0,4,2,0.6666666666666666,0,2,HIGH,RECURRING,HIGH,5945.85,353.0,353.0,1,,3000.0,1.0420664206642067,agent,2,TEU,2,,48,6000.0,0.0
,1,,,,0,,LOW,NEW,HIGH,13654.54,353.0,353.0,0,,0.0,1.0420664206642067,agent,,TEU,1,,48,0.0,0.0
,1,,,,0,,LOW,NEW,HIGH,13654.54,353.0,353.0,0,,0.0,1.0420664206642067,agent,,HC,2,,48,0.0,0.0
,0,,,,0,,HIGH,NEW,HIGH,9913.95,353.0,353.0,0,,0.0,1.0436067997043608,agent,,TEU,1,,49,0.0,0.0
,0,,,,0,,HIGH,NEW,HIGH,9913.95,353.0,353.0,0,,0.0,1.0436067997043608,agent,,HC,1,,49,0.0,0.0
,0,9,2,0.8181818181818182,1,2,HIGH,NEW,HIGH,9888.2,350.0,353.0,1,,3000.0,1.044378698224852,agent,2,TEU,1,,50,8400.0,8400.0
,0,9,2,0.8181818181818182,1,2,HIGH,NEW,HIGH,9888.2,350.0,353.0,1,,5400.0,1.044378698224852,agent,2,FEU,1,,50,8400.0,8400.0
,1,,,,0,,LOW,NEW,HIGH,2935.28,350.0,350.0,0,,0.0,1.044378698224852,agent,,TEU,1,,50,0.0,0.0
,2,,,,0,,HIGH,NEW,HIGH,16507.73,350.0,350.0,0,,0.0,1.044378698224852,agent,,FEU,1,,50,0.0,0.0
,2,,,,0,,HIGH,NEW,HIGH,16507.73,350.0,350.0,0,,0.0,1.044378698224852,agent,,REEF,1,,50,0.0,0.0
,0,,,,0,,LOW,NEW,HIGH,19891.66,350.0,350.0,0,,0.0,1.0378057820607858,agent,,TEU,2,,51,0.0,0.0
,0,,,,0,,LOW,NEW,HIGH,19891.66,350.0,350.0,0,,0.0,1.0378057820607858,agent,,FEU,3,,51,0.0,0.0
,1,,,,0,,LOW,RECURRING,HIGH,18663.19,350.0,350.0,0,,0.0,1.0378057820607858,agent,,FEU,1,,51,0.0,0.0
,1,,,,0,,LOW,RECURRING,HIGH,18663.19,350.0,350.0,0,,0.0,1.0378057820607858,agent,,REEF,1,,51,0.0,0.0
,2,10,3,0.7692307692307693,1,2,LOW,NEW,HIGH,10044.59,348.0,350.0,1,,9600.0,1.0378057820607858,agent,2,REEF,1,,51,9600.0,9600.0
,3,,,,0,,LOW,NEW,HIGH,6686.77,348.0,348.0,0,,0.0,1.0378057820607858,agent,,TEU,2,,51,0.0,0.0
,4,,,,0,,HIGH,NEW,HIGH,19001.97,348.0,348.0,0,,0.0,1.0378057820607858,agent,,TEU,3,,51,0.0,0.0
,4,,,,0,,HIGH,NEW,HIGH,19001.97,348.0,348.0,0,,0.0,1.0378057820607858,agent,,FEU,1,,51,0.0,0.0
,4,,,,0,,HIGH,NEW,HIGH,19001.97,348.0,348.0,0,,0.0,1.0378057820607858,agent,,HC,1,,51,0.0,0.0
,0,10,3,0.7692307692307693,1,2,LOW,NEW,HIGH,14521.85,345.0,348.0,1,,3000.0,1.0357142857142858,agent,2,TEU,1,,52,12600.0,12600.0
,0,10,3,0.7692307692307693,1,2,LOW,NEW,HIGH,14521.85,345.0,348.0,1,,9600.0,1.0357142857142858,agent,2,REEF,1,,52,12600.0,12600.0
,1,,,,0,,LOW,NEW,HIGH,12669.14,345.0,345.0,0,,0.0,1.0357142857142858,agent,,FEU,1,,52,0.0,0.0
,1,,,,0,,LOW,NEW,HIGH,12669.14,345.0,345.0,0,,0.0,1.0357142857142858,agent,,REEF,1,,52,0.0,0.0
,2,,,,0,,LOW,RECURRING,HIGH,6605.81,345.0,345.0,0,,0.0,1.0357142857142858,agent,,FEU,1,,52,0.0,0.0
,0,,,,0,,HIGH,NEW,HIGH,33749.86,345.0,345.0,0,,0.0,1.029082774049217,agent,,TEU,2,,53,0.0,0.0
,0,,,,0,,HIGH,NEW,HIGH,33749.86,345.0,345.0,0,,0.0,1.029082774049217,agent,,FEU,1,,53,0.0,0.0
,0,,,,0,,HIGH,NEW,HIGH,33749.86,345.0,345.0,0,,0.0,1.029082774049217,agent,,HC,3,,53,0.0,0.0
,0,,,,0,,HIGH,NEW,HIGH,7372.54,345.0,345.0,0,,0.0,1.0298507462686568,agent,,TEU,2,,54,0.0,0.0
,1,,,,0,,HIGH,NEW,HIGH,11526.6,345.0,345.0,0,,0.0,1.0298507462686568,agent,,FEU,1,,54,0.0,0.0
,1,,,,0,,HIGH,NEW,HIGH,11526.6,345.0,345.0,0,,0.0,1.0298507462686568,agent,,HC,1,,54,0.0,0.0
,2,,,,0,,LOW,NEW,HIGH,5525.58,345.0,345.0,0,,0.0,1.0298507462686568,agent,,TEU,2,,54,0.0,0.0
,3,12,3,0.8,0,2,LOW,NEW,HIGH,14532.56,345.0,345.0,1,,5400.0,1.0298507462686568,agent,2,FEU,3,,54,16200.0,0.0
,4,8,3,0.7272727272727273,0,2,LOW,RECURRING,HIGH,5730.98,345.0,345.0,1,,3000.0,1.0298507462686568,agent,2,TEU,2,,54,6000.0,0.0
,5,,,,0,,LOW,NEW,HIGH,27784.15,345.0,345.0,0,,0.0,1.0298507462686568,agent,,TEU,1,,54,0.0,0.0
,5,,,,0,,LOW,NEW,HIGH,27784.15,345.0,345.0,0,,0.0,1.0298507462686568,agent,,FEU,1,,54,0.0,0.0
,5,,,,0,,LOW,NEW,HIGH,27784.15,345.0,345.0,0,,0.0,1.0298507462686568,agent,,REEF,2,,54,0.0,0.0
,0,,,,0,,LOW,RECURRING,HIGH,11986.57,345.0,345.0,0,,0.0,1.0344827586206897,agent,,TEU,2,,55,0.0,0.0
,0,,,,0,,LOW,RECURRING,HIGH,11986.57,345.0,345.0,0,,0.0,1.0344827586206897,agent,,HC,1,,55,0.0,0.0
,1,,,,0,,LOW,NEW,HIGH,18837.36,345.0,345.0,0,,0.0,1.0344827586206897,agent,,TEU,2,,55,0.0,0.0
,1,,,,0,,LOW,NEW,HIGH,18837.36,345.0,345.0,0,,0.0,1.0344827586206897,agent,,FEU,2,,55,0.0,0.0
,2,,,,0,,HIGH,RECURRING,HIGH,10021.72,345.0,345.0,0,,0.0,1.0344827586206897,agent,,TEU,1,,55,0.0,0.0
,2,,,,0,,HIGH,RECURRING,HIGH,10021.72,345.0,345.0,0,,0.0,1.0344827586206897,agent,,HC,1,,55,0.0,0.0
,3,10,2,0.8333333333333334,1,2,HIGH,NEW,HIGH,21335.14,338.0,345.0,1,,3000.0,1.0344827586206897,agent,2,TEU,1,,55,19920.0,19920.0
,3,10,2,0.8333333333333334,1,2,HIGH,NEW,HIGH,21335.14,338.0,345.0,1,,5400.0,1.0344827586206897,agent,2,FEU,1,,55,19920.0,19920.0
,3,10,2,0.8333333333333334,1,2,HIGH,NEW,HIGH,21335.14,338.0,345.0,1,,5760.0,1.0344827586206897,agent,2,HC,2,,55,19920.0,19920.0
,4,4,3,0.5714285714285714,0,2,HIGH,RECURRING,HIGH,19752.83,338.0,338.0,1,,3000.0,1.0344827586206897,agent,2,TEU,2,,55,21000.0,0.0
,4,4,3,0.5714285714285714,0,2,HIGH,RECURRING,HIGH,19752.83,338.0,338.0,1,,5400.0,1.0344827586206897,agent,2,FEU,1,,55,21000.0,0.0
,4,4,3,0.5714285714285714,0,2,HIGH,RECURRING,HIGH,19752.83,338.0,338.0,1,,9600.0,1.0344827586206897,agent,2,REEF,1,,55,21000.0,0.0
,0,,,,0,,LOW,NEW,HIGH,30349.87,338.0,338.0,0,,0.0,1.017306245297216,agent,,FEU,2,,56,0.0,0.0
,0,,,,0,,LOW,NEW,HIGH,30349.87,338.0,338.0,0,,0.0,1.017306245297216,agent,,HC,1,,56,0.0,0.0
,0,,,,0,,LOW,NEW,HIGH,30349.87,338.0,338.0,0,,0.0,1.017306245297216,agent,,REEF,1,,56,0.0,0.0
,1,,,,0,,HIGH,RECURRING,HIGH,26003.35,338.0,338.0,0,,0.0,1.017306245297216,agent,,TEU,2,,56,0.0,0.0
,1,,,,0,,HIGH,RECURRING,HIGH,26003.35,338.0,338.0,0,,0.0,1.017306245297216,agent,,FEU,1,,56,0.0,0.0
,1,,,,0,,HIGH,RECURRING,HIGH,26003.35,338.0,338.0,0,,0.0,1.017306245297216,agent,,REEF,2,,56,0.0,0.0
,0,,,,0,,HIGH,NEW,HIGH,12056.9,338.0,338.0,0,,0.0,1.0188394875659381,agent,,TEU,2,,57,0.0,0.0
,0,,,,0,,HIGH,NEW,HIGH,12056.9,338.0,338.0,0,,0.0,1.0188394875659381,agent,,HC,1,,57,0.0,0.0
,1,,,,0,,LOW,NEW,HIGH,37869.3,338.0,338.0,0,,0.0,1.0188394875659381,agent,,TEU,1,,57,0.0,0.0
,1,,,,0,,LOW,NEW,HIGH,37869.3,338.0,338.0,0,,0.0,1.0188394875659381,agent,,FEU,3,,57,0.0,0.0
,1,,,,0,,LOW,NEW,HIGH,37869.3,338.0,338.0,0,,0.0,1.0188394875659381,agent,,HC,2,,57,0.0,0.0
,0,,,,0,,LOW,RECURRING,HIGH,6647.71,338.0,338.0,0,,0.0,1.020377358490566,agent,,FEU,1,,58,0.0,0.0
,1,,,,0,,LOW,RECURRING,HIGH,10442.95,338.0,338.0,0,,0.0,1.020377358490566,agent,,TEU,1,,58,0.0,0.0
,1,,,,0,,LOW,RECURRING,HIGH,10442.95,338.0,338.0,0,,0.0,1.020377358490566,agent,,FEU,1,,58,0.0,0.0
,2,1,1,0.5,1,1,LOW,NEW,HIGH,16587.83,333.0,338.0,1,,2500.0,1.020377358490566,agent,1,TEU,3,,58,15500.0,15500.0
,2,1,1,0.5,1,1,LOW,NEW,HIGH,16587.83,333.0,338.0,1,,8000.0,1.020377358490566,agent,1,REEF,1,,58,15500.0,15500.0
,3,,,,0,,HIGH,NEW,HIGH,11041.24,333.0,333.0,0,,0.0,1.020377358490566,agent,,TEU,3,,58,0.0,0.0
,0,,,,0,,LOW,NEW,HIGH,15008.11,333.0,333.0,0,,0.0,1.008327024981075,agent,,TEU,1,,59,0.0,0.0
,0,,,,0,,LOW,NEW,HIGH,15008.11,333.0,333.0,0,,0.0,1.008327024981075,agent,,FEU,2,,59,0.0,0.0
,1,,,,0,,HIGH,NEW,HIGH,16847.99,333.0,333.0,0,,0.0,1.008327024981075,agent,,FEU,1,,59,0.0,0.0
,1,,,,0,,HIGH,NEW,HIGH,16847.99,333.0,333.0,0,,0.0,1.008327024981075,agent,,HC,2,,59,0.0,0.0
,2,,,,0,,HIGH,NEW,HIGH,13593.95,333.0,333.0,0,,0.0,1.008327024981075,agent,,TEU,2,,59,0.0,0.0
,2,,,,0,,HIGH,NEW,HIGH,13593.95,333.0,333.0,0,,0.0,1.008327024981075,agent,,HC,1,,59,0.0,0.0
,3,,,,0,,HIGH,NEW,HIGH,9762.27,333.0,333.0,0,,0.0,1.008327024981075,agent,,REEF,1,,59,0.0,0.0
,0,,,,0,,LOW,RECURRING,HIGH,3630.25,333.0,333.0,0,,0.0,1.0113895216400912,agent,,TEU,1,,60,0.0,0.0
,0,,,,0,,LOW,RECURRING,HIGH,5408.13,333.0,333.0,0,,0.0,1.012158054711246,agent,,TEU,2,,61,0.0,0.0
,1,,,,0,,LOW,RECURRING,HIGH,6411.29,333.0,333.0,0,,0.0,1.012158054711246,agent,,HC,1,,61,0.0,0.0
,0,,,,0,,LOW,RECURRING,HIGH,4952.78,333.0,333.0,0,,0.0,1.0136986301369864,agent,,FEU,1,,62,0.0,0.0
,1,,,,0,,LOW,RECURRING,HIGH,11732.46,333.0,333.0,0,,0.0,1.0136986301369864,agent,,REEF,1,,62,0.0,0.0
,2,,,,0,,LOW,NEW,HIGH,7842.78,333.0,333.0,0,,0.0,1.0136986301369864,agent,,TEU,1,,62,0.0,0.0
,2,,,,0,,LOW,NEW,HIGH,7842.78,333.0,333.0,0,,0.0,1.0136986301369864,agent,,HC,1,,62,0.0,0.0
,0,,,,0,,HIGH,NEW,HIGH,26241.19,333.0,333.0,0,,0.0,1.0160183066361557,agent,,TEU,1,,63,0.0,0.0
,0,,,,0,,HIGH,NEW,HIGH,26241.19,333.0,333.0,0,,0.0,1.0160183066361557,agent,,FEU,1,,63,0.0,0.0
,0,,,,0,,HIGH,NEW,HIGH,26241.19,333.0,333.0,0,,0.0,1.0160183066361557,agent,,HC,2,,63,0.0,0.0
,0,,,,0,,HIGH,NEW,HIGH,26241.19,333.0,333.0,0,,0.0,1.0160183066361557,agent,,REEF,1,,63,0.0,0.0
,0,,,,0,,HIGH,NEW,HIGH,14648.69,333.0,333.0,0,,0.0,1.016793893129771,agent,,TEU,1,,64,0.0,0.0
,0,,,,0,,HIGH,NEW,HIGH,14648.69,333.0,333.0,0,,0.0,1.016793893129771,agent,,FEU,1,,64,0.0,0.0
,0,,,,0,,HIGH,NEW,HIGH,14648.69,333.0,333.0,0,,0.0,1.016793893129771,agent,,HC,1,,64,0.0,0.0
,0,8,4,0.6666666666666666,1,2,LOW,RECURRING,HIGH,9657.58,330.0,333.0,1,,3000.0,1.0175706646294882,agent,2,TEU,1,,65,8400.0,8400.0
,0,8,4,0.6666666666666666,1,2,LOW,RECURRING,HIGH,9657.58,330.0,333.0,1,,5400.0,1.0175706646294882,agent,2,FEU,1,,65,8400.0,8400.0
,1,,,,0,,LOW,NEW,HIGH,12686.49,330.0,330.0,0,,0.0,1.0175706646294882,agent,,TEU,1,,65,0.0,0.0
,1,,,,0,,LOW,NEW,HIGH,12686.49,330.0,330.0,0,,0.0,1.0175706646294882,agent,,FEU,2,,65,0.0,0.0
,0,,,,0,,HIGH,RECURRING,HIGH,2704.97,330.0,330.0,0,,0.0,1.009946442234124,agent,,TEU,1,,66,0.0,0.0
,0,,,,0,,HIGH,RECURRING,HIGH,16973.68,330.0,330.0,0,,0.0,1.010719754977029,agent,,TEU,1,,67,0.0,0.0
,0,,,,0,,HIGH,RECURRING,HIGH,16973.68,330.0,330.0,0,,0.0,1.010719754977029,agent,,FEU,1,,67,0.0,0.0
,0,,,,0,,HIGH,RECURRING,HIGH,16973.68,330.0,330.0,0,,0.0,1.010719754977029,agent,,HC,1,,67,0.0,0.0
,1,,,,0,,LOW,NEW,HIGH,31749.56,330.0,330.0,0,,0.0,1.010719754977029,agent,,TEU,2,,67,0.0,0.0
,1,,,,0,,LOW,NEW,HIGH,31749.56,330.0,330.0,0,,0.0,1.010719754977029,agent,,FEU,3,,67,0.0,0.0
,1,,,,0,,LOW,NEW,HIGH,31749.56,330.0,330.0,0,,0.0,1.010719754977029,agent,,HC,2,,67,0.0,0.0
,2,,,,0,,HIGH,NEW,HIGH,8171.16,330.0,330.0,0,,0.0,1.010719754977029,agent,,TEU,1,,67,0.0,0.0
,2,,,,0,,HIGH,NEW,HIGH,8171.16,330.0,330.0,0,,0.0,1.010719754977029,agent,,FEU,1,,67,0.0,0.0
,0,8,4,0.6666666666666666,1,2,LOW,RECURRING,HIGH,11744.26,328.0,330.0,1,,9600.0,1.0130468150422103,agent,2,REEF,1,,68,9600.0,9600.0
,1,4,4,0.5,0,2,HIGH,RECURRING,HIGH,10704.9,328.0,328.0,1,,5400.0,1.0130468150422103,agent,2,FEU,1,,68,11160.0,0.0
,1,4,4,0.5,0,2,HIGH,RECURRING,HIGH,10704.9,328.0,328.0,1,,5760.0,1.0130468150422103,agent,2,HC,1,,68,11160.0,0.0
,2,,,,0,,LOW,NEW,HIGH,6227.15,328.0,328.0,0,,0.0,1.0130468150422103,agent,,TEU,2,,68,0.0,0.0
,0,,,,0,,HIGH,NEW,HIGH,4579.03,328.0,328.0,0,,0.0,1.0092307692307692,agent,,FEU,1,,69,0.0,0.0
,1,,,,0,,HIGH,RECURRING,HIGH,20500.54,328.0,328.0,0,,0.0,1.0092307692307692,agent,,TEU,2,,69,0.0,0.0
,1,,,,0,,HIGH,RECURRING,HIGH,20500.54,328.0,328.0,0,,0.0,1.0092307692307692,agent,,FEU,1,,69,0.0,0.0
,1,,,,0,,HIGH,RECURRING,HIGH,20500.54,328.0,328.0,0,,0.0,1.0092307692307692,agent,,HC,2,,69,0.0,0.0
,2,,,,0,,LOW,RECURRING,HIGH,3569.83,328.0,328.0,0,,0.0,1.0092307692307692,agent,,TEU,1,,69,0.0,0.0
,3,,,,0,,HIGH,NEW,HIGH,13973.97,328.0,328.0,0,,0.0,1.0092307692307692,agent,,TEU,1,,69,0.0,0.0
,3,,,,0,,HIGH,NEW,HIGH,13973.97,328.0,328.0,0,,0.0,1.0092307692307692,agent,,HC,2,,69,0.0,0.0
,0,,,,0,,LOW,NEW,HIGH,21747.53,328.0,328.0,0,,0.0,1.0123456790123457,agent,,TEU,3,,70,0.0,0.0
,0,,,,0,,LOW,NEW,HIGH,21747.53,328.0,328.0,0,,0.0,1.0123456790123457,agent,,REEF,1,,70,0.0,0.0
,0,,,,0,,LOW,NEW,HIGH,3429.63,328.0,328.0,0,,0.0,1.013127413127413,agent,,TEU,1,,71,0.0,0.0
,0,,,,0,,LOW,RECURRING,HIGH,8426.33,328.0,328.0,0,,0.0,1.0139103554868625,agent,,TEU,1,,72,0.0,0.0
,0,,,,0,,LOW,RECURRING,HIGH,8426.33,328.0,328.0,0,,0.0,1.0139103554868625,agent,,FEU,1,,72,0.0,0.0
,1,10,4,0.7142857142857143,0,2,LOW,RECURRING,HIGH,9533.46,328.0,328.0,1,,3000.0,1.0139103554868625,agent,2,TEU,2,,72,11400.0,0.0
,1,10,4,0.7142857142857143,0,2,LOW,RECURRING,HIGH,9533.46,328.0,328.0,1,,5400.0,1.0139103554868625,agent,2,FEU,1,,72,11400.0,0.0
,0,4,5,0.4444444444444444,1,2,HIGH,RECURRING,HIGH,17177.84,323.0,328.0,1,,3000.0,1.0154798761609907,agent,2,TEU,3,,73,14400.0,14400.0
,0,4,5,0.4444444444444444,1,2,HIGH,RECURRING,HIGH,17177.84,323.0,328.0,1,,5400.0,1.0154798761609907,agent,2,FEU,1,,73,14400.0,14400.0
,1,10,5,0.6666666666666666,0,2,LOW,RECURRING,HIGH,7668.13,323.0,323.0,1,,3000.0,1.0154798761609907,agent,2,TEU,1,,73,8400.0,0.0
,1,10,5,0.6666666666666666,0,2,LOW,RECURRING,HIGH,7668.13,323.0,323.0,1,,5400.0,1.0154798761609907,agent,2,FEU,1,,73,8400.0,0.0
,0,,,,0,,LOW,NEW,HIGH,15759.79,323.0,323.0,0,,0.0,1.0015503875968992,agent,,TEU,5,,74,0.0,0.0
,1,4,5,0.4444444444444444,0,2,HIGH,RECURRING,HIGH,14531.33,323.0,323.0,1,,5400.0,1.0015503875968992,agent,2,FEU,1,,74,15000.0,0.0
,1,4,5,0.4444444444444444,0,2,HIGH,RECURRING,HIGH,14531.33,323.0,323.0,1,,9600.0,1.0015503875968992,agent,2,REEF,1,,74,15000.0,0.0
,2,,,,0,,LOW,RECURRING,HIGH,3657.87,323.0,323.0,0,,0.0,1.0015503875968992,agent,,TEU,1,,74,0.0,0.0
,0,,,,0,,LOW,RECURRING,HIGH,6937.91,323.0,323.0,0,,0.0,1.0038850038850038,agent,,HC,1,,75,0.0,0.0
,1,,,,0,,HIGH,NEW,HIGH,3441.48,323.0,323.0,0,,0.0,1.0038850038850038,agent,,TEU,1,,75,0.0,0.0
,2,,,,0,,HIGH,NEW,HIGH,7517.11,323.0,323.0,0,,0.0,1.0038850038850038,agent,,TEU,1,,75,0.0,0.0
,2,,,,0,,HIGH,NEW,HIGH,7517.11,323.0,323.0,0,,0.0,1.0038850038850038,agent,,FEU,1,,75,0.0,0.0
,3,,,,0,,HIGH,RECURRING,HIGH,30697.46,323.0,323.0,0,,0.0,1.0038850038850038,agent,,TEU,1,,75,0.0,0.0
,3,,,,0,,HIGH,RECURRING,HIGH,30697.46,323.0,323.0,0,,0.0,1.0038850038850038,agent,,FEU,3,,75,0.0,0.0
,3,,,,0,,HIGH,RECURRING,HIGH,30697.46,323.0,323.0,0,,0.0,1.0038850038850038,agent,,HC,1,,75,0.0,0.0
,3,,,,0,,HIGH,RECURRING,HIGH,30697.46,323.0,323.0,0,,0.0,1.0038850038850038,agent,,REEF,1,,75,0.0,0.0
,0,11,2,0.8461538461538461,1,2,HIGH,NEW,HIGH,17289.06,318.0,323.0,1,,3000.0,1.0070148090413094,agent,2,TEU,1,,76,14160.0,14160.0
,0,11,2,0.8461538461538461,1,2,HIGH,NEW,HIGH,17289.06,318.0,323.0,1,,5400.0,1.0070148090413094,agent,2,FEU,1,,76,14160.0,14160.0
,0,11,2,0.8461538461538461,1,2,HIGH,NEW,HIGH,17289.06,318.0,323.0,1,,5760.0,1.0070148090413094,agent,2,HC,1,,76,14160.0,14160.0
,1,,,,0,,HIGH,NEW,HIGH,10447.46,318.0,318.0,0,,0.0,1.0070148090413094,agent,,TEU,1,,76,0.0,0.0
,1,,,,0,,HIGH,NEW,HIGH,10447.46,318.0,318.0,0,,0.0,1.0070148090413094,agent,,HC,1,,76,0.0,0.0
,2,,,,0,,LOW,NEW,HIGH,7336.68,318.0,318.0,0,,0.0,1.0070148090413094,agent,,TEU,2,,76,0.0,0.0
,3,,,,0,,LOW,NEW,HIGH,5319.66,318.0,318.0,0,,0.0,1.0070148090413094,agent,,TEU,2,,76,0.0,0.0
,4,,,,0,,LOW,RECURRING,HIGH,17567.1,318.0,318.0,0,,0.0,1.0070148090413094,agent,,HC,1,,76,0.0,0.0
,4,,,,0,,LOW,RECURRING,HIGH,17567.1,318.0,318.0,0,,0.0,1.0070148090413094,agent,,REEF,1,,76,0.0,0.0
,0,5,6,0.45454545454545453,1,2,HIGH,RECURRING,HIGH,9425.97,315.0,318.0,1,,3000.0,0.9953051643192489,agent,2,TEU,1,,77,8400.0,8400.0
,0,5,6,0.45454545454545453,1,2,HIGH,RECURRING,HIGH,9425.97,315.0,318.0,1,,5400.0,0.9953051643192489,agent,2,FEU,1,,77,8400.0,8400.0
,1,,,,0,,LOW,RECURRING,HIGH,11501.82,315.0,315.0,0,,0.0,0.9953051643192489,agent,,TEU,1,,77,0.0,0.0
,1,,,,0,,LOW,RECURRING,HIGH,11501.82,315.0,315.0,0,,0.0,0.9953051643192489,agent,,FEU,2,,77,0.0,0.0
,0,,,,0,,LOW,RECURRING,HIGH,10372.24,315.0,315.0,0,,0.0,0.987460815047022,agent,,TEU,3,,78,0.0,0.0
,1,,,,0,,HIGH,NEW,HIGH,7549.24,315.0,315.0,0,,0.0,0.987460815047022,agent,,TEU,1,,78,0.0,0.0
,1,,,,0,,HIGH,NEW,HIGH,7549.24,315.0,315.0,0,,0.0,0.987460815047022,agent,,HC,1,,78,0.0,0.0
,0,10,6,0.625,1,2,LOW,RECURRING,HIGH,9925.25,312.0,315.0,1,,3000.0,0.989010989010989,agent,2,TEU,1,,79,8760.0,8760.0
,0,10,6,0.625,1,2,LOW,RECURRING,HIGH,9925.25,312.0,315.0,1,,5760.0,0.989010989010989,agent,2,HC,1,,79,8760.0,8760.0
,1,,,,0,,HIGH,NEW,HIGH,9521.11,312.0,312.0,0,,0.0,0.989010989010989,agent,,FEU,1,,79,0.0,0.0
,1,,,,0,,HIGH,NEW,HIGH,9521.11,312.0,312.0,0,,0.0,0.989010989010989,agent,,HC,1,,79,0.0,0.0
,2,,,,0,,HIGH,NEW,HIGH,9071.06,312.0,312.0,0,,0.0,0.989010989010989,agent,,TEU,3,,79,0.0,0.0
,0,,,,0,,HIGH,NEW,HIGH,14843.28,312.0,312.0,0,,0.0,0.981904012588513,agent,,TEU,1,,80,0.0,0.0
,0,,,,0,,HIGH,NEW,HIGH,14843.28,312.0,312.0,0,,0.0,0.981904012588513,agent,,FEU,1,,80,0.0,0.0
,0,,,,0,,HIGH,NEW,HIGH,14843.28,312.0,312.0,0,,0.0,0.981904012588513,agent,,HC,1,,80,0.0,0.0
,1,,,,0,,HIGH,NEW,HIGH,26052.0,312.0,312.0,0,,0.0,0.981904012588513,agent,,FEU,2,,80,0.0,0.0
,1,,,,0,,HIGH,NEW,HIGH,26052.0,312.0,312.0,0,,0.0,0.981904012588513,agent,,HC,1,,80,0.0,0.0
,1,,,,0,,HIGH,NEW,HIGH,26052.0,312.0,312.0,0,,0.0,0.981904012588513,agent,,REEF,1,,80,0.0,0.0
,0,11,6,0.6470588235294118,1,2,LOW,RECURRING,HIGH,3306.81,311.0,312.0,1,,3000.0,0.983451536643026,agent,2,TEU,1,,81,3000.0,3000.0
,0,,,,0,,LOW,NEW,HIGH,22552.25,311.0,311.0,0,,0.0,0.9810725552050473,agent,,TEU,3,,82,0.0,0.0
,0,,,,0,,LOW,NEW,HIGH,22552.25,311.0,311.0,0,,0.0,0.9810725552050473,agent,,FEU,2,,82,0.0,0.0
,1,12,4,0.75,1,2,LOW,NEW,HIGH,5947.13,309.0,311.0,1,,5760.0,0.9810725552050473,agent,2,HC,1,,82,5760.0,5760.0
,2,,,,0,,LOW,NEW,HIGH,8034.27,309.0,309.0,0,,0.0,0.9810725552050473,agent,,TEU,3,,82,0.0,0.0
,3,,,,0,,LOW,RECURRING,HIGH,15213.98,309.0,309.0,0,,0.0,0.9810725552050473,agent,,TEU,1,,82,0.0,0.0
,3,,,,0,,LOW,RECURRING,HIGH,15213.98,309.0,309.0,0,,0.0,0.9810725552050473,agent,,REEF,1,,82,0.0,0.0
,0,12,4,0.75,1,2,LOW,NEW,HIGH,8424.38,306.0,309.0,1,,3000.0,0.9778481012658228,agent,2,TEU,1,,83,8400.0,8400.0
,0,12,4,0.75,1,2,LOW,NEW,HIGH,8424.38,306.0,309.0,1,,5400.0,0.9778481012658228,agent,2,FEU,1,,83,8400.0,8400.0
,1,,,,0,,LOW,NEW,HIGH,8737.31,306.0,306.0,0,,0.0,0.9778481012658228,agent,,TEU,1,,83,0.0,0.0
,1,,,,0,,LOW,NEW,HIGH,8737.31,306.0,306.0,0,,0.0,0.9778481012658228,agent,,FEU,1,,83,0.0,0.0
,2,12,4,0.75,0,2,LOW,NEW,HIGH,2925.48,306.0,306.0,1,,3000.0,0.9778481012658228,agent,2,TEU,1,,83,3000.0,0.0
,3,,,,0,,HIGH,RECURRING,HIGH,18942.58,306.0,306.0,0,,0.0,0.9778481012658228,agent,,TEU,1,,83,0.0,0.0
,3,,,,0,,HIGH,RECURRING,HIGH,18942.58,306.0,306.0,0,,0.0,0.9778481012658228,agent,,FEU,1,,83,0.0,0.0
,3,,,,0,,HIGH,RECURRING,HIGH,18942.58,306.0,306.0,0,,0.0,0.9778481012658228,agent,,REEF,1,,83,0.0,0.0
,4,,,,0,,HIGH,NEW,HIGH,2733.84,306.0,306.0,0,,0.0,0.9778481012658228,agent,,TEU,1,,83,0.0,0.0
,0,,,,0,,LOW,NEW,HIGH,5863.27,306.0,306.0,0,,0.0,0.9722001588562351,agent,,HC,1,,84,0.0,0.0
,1,,,,0,,HIGH,NEW,HIGH,5846.5,306.0,306.0,0,,0.0,0.9722001588562351,agent,,FEU,1,,84,0.0,0.0
,0,12,2,0.8571428571428571,1,2,HIGH,NEW,HIGH,8829.95,303.0,306.0,1,,3000.0,0.9737470167064439,agent,2,TEU,1,,85,8400.0,8400.0
,0,12,2,0.8571428571428571,1,2,HIGH,NEW,HIGH,8829.95,303.0,306.0,1,,5400.0,0.9737470167064439,agent,2,FEU,1,,85,8400.0,8400.0
,1,,,,0,,LOW,RECURRING,HIGH,6976.15,303.0,303.0,0,,0.0,0.9737470167064439,agent,,TEU,2,,85,0.0,0.0
,2,,,,0,,LOW,NEW,HIGH,10184.3,303.0,303.0,0,,0.0,0.9737470167064439,agent,,REEF,1,,85,0.0,0.0
,3,6,6,0.5,1,2,HIGH,RECURRING,HIGH,12650.78,299.0,303.0,1,,3000.0,0.9737470167064439,agent,2,TEU,4,,85,12000.0,12000.0
,4,,,,0,,LOW,NEW,HIGH,2821.71,299.0,299.0,0,,0.0,0.9737470167064439,agent,,TEU,1,,85,0.0,0.0
,0,,,,0,,LOW,RECURRING,HIGH,12503.86,299.0,299.0,0,,0.0,0.9552715654952076,agent,,TEU,1,,86,0.0,0.0
,0,,,,0,,LOW,RECURRING,HIGH,12503.86,299.0,299.0,0,,0.0,0.9552715654952076,agent,,FEU,1,,86,0.0,0.0
,0,,,,0,,LOW,RECURRING,HIGH,12503.86,299.0,299.0,0,,0.0,0.9552715654952076,agent,,HC,1,,86,0.0,0.0
,1,6,6,0.5,0,2,HIGH,RECURRING,HIGH,2640.12,299.0,299.0,1,,3000.0,0.9552715654952076,agent,2,TEU,1,,86,3000.0,0.0
,2,12,6,0.6666666666666666,0,2,LOW,RECURRING,HIGH,9383.59,299.0,299.0,1,,5400.0,0.9552715654952076,agent,2,FEU,2,,86,10800.0,0.0
,3,,,,0,,LOW,NEW,HIGH,13877.42,299.0,299.0,0,,0.0,0.9552715654952076,agent,,HC,2,,86,0.0,0.0
,0,,,,0,,LOW,RECURRING,HIGH,7401.65,299.0,299.0,0,,0.0,0.9583333333333334,agent,,TEU,1,,87,0.0,0.0
,0,,,,0,,LOW,RECURRING,HIGH,7401.65,299.0,299.0,0,,0.0,0.9583333333333334,agent,,FEU,1,,87,0.0,0.0
,1,,,,0,,HIGH,RECURRING,HIGH,10903.91,299.0,299.0,0,,0.0,0.9583333333333334,agent,,TEU,3,,87,0.0,0.0
,0,,,,0,,LOW,RECURRING,HIGH,18058.81,299.0,299.0,0,,0.0,0.9598715890850722,agent,,TEU,2,,88,0.0,0.0
,0,,,,0,,LOW,RECURRING,HIGH,18058.81,299.0,299.0,0,,0.0,0.9598715890850722,agent,,REEF,1,,88,0.0,0.0
,1,,,,0,,LOW,NEW,HIGH,9935.29,299.0,299.0,0,,0.0,0.9598715890850722,agent,,TEU,1,,88,0.0,0.0
,1,,,,0,,LOW,NEW,HIGH,9935.29,299.0,299.0,0,,0.0,0.9598715890850722,agent,,HC,1,,88,0.0,0.0
,0,,,,0,,LOW,NEW,HIGH,7629.5,299.0,299.0,0,,0.0,0.9614147909967846,agent,,TEU,3,,89,0.0,0.0
,1,,,,0,,HIGH,RECURRING,HIGH,12643.62,299.0,299.0,0,,0.0,0.9614147909967846,agent,,TEU,1,,89,0.0,0.0
,1,,,,0,,HIGH,RECURRING,HIGH,12643.62,299.0,299.0,0,,0.0,0.9614147909967846,agent,,REEF,1,,89,0.0,0.0
,2,,,,0,,HIGH,RECURRING,HIGH,3043.8,299.0,299.0,0,,0.0,0.9614147909967846,agent,,TEU,1,,89,0.0,0.0
,3,,,,0,,HIGH,RECURRING,HIGH,6047.8,299.0,299.0,0,,0.0,0.9614147909967846,agent,,TEU,2,,89,0.0,0.0
,0,,,,0,,HIGH,NEW,HIGH,9169.92,299.0,299.0,0,,0.0,0.964516129032258,agent,,TEU,1,,90,0.0,0.0
,0,,,,0,,HIGH,NEW,HIGH,9169.92,299.0,299.0,0,,0.0,0.964516129032258,agent,,FEU,1,,90,0.0,0.0
,1,7,7,0.5,0,2,HIGH,RECURRING,HIGH,10305.52,299.0,299.0,1,,3000.0,0.964516129032258,agent,2,TEU,2,,90,11400.0,0.0
,1,7,7,0.5,0,2,HIGH,RECURRING,HIGH,10305.52,299.0,299.0,1,,5400.0,0.964516129032258,agent,2,FEU,1,,90,11400.0,0.0
,2,,,,0,,LOW,NEW,HIGH,15717.82,299.0,299.0,0,,0.0,0.964516129032258,agent,,TEU,3,,90,0.0,0.0
,2,,,,0,,LOW,NEW,HIGH,15717.82,299.0,299.0,0,,0.0,0.964516129032258,agent,,FEU,1,,90,0.0,0.0
,0,,,,0,,HIGH,NEW,HIGH,8207.06,299.0,299.0,0,,0.0,0.9668552950687146,agent,,TEU,1,,91,0.0,0.0
,0,,,,0,,HIGH,NEW,HIGH,8207.06,299.0,299.0,0,,0.0,0.9668552950687146,agent,,HC,1,,91,0.0,0.0
,0,,,,0,,HIGH,RECURRING,HIGH,18022.48,299.0,299.0,0,,0.0,0.9676375404530745,agent,,TEU,2,,92,0.0,0.0
,0,,,,0,,HIGH,RECURRING,HIGH,18022.48,299.0,299.0,0,,0.0,0.9676375404530745,agent,,FEU,2,,92,0.0,0.0
,1,,,,0,,LOW,NEW,HIGH,3735.36,299.0,299.0,0,,0.0,0.9676375404530745,agent,,TEU,1,,92,0.0,0.0
,2,,,,0,,LOW,RECURRING,HIGH,6493.77,299.0,299.0,0,,0.0,0.9676375404530745,agent,,FEU,1,,92,0.0,0.0
,3,,,,0,,LOW,NEW,HIGH,6485.27,299.0,299.0,0,,0.0,0.9676375404530745,agent,,TEU,2,,92,0.0,0.0
,0,,,,0,,LOW,RECURRING,HIGH,12991.61,299.0,299.0,0,,0.0,0.9707792207792207,agent,,HC,2,,93,0.0,0.0
,1,14,5,0.7368421052631579,1,2,LOW,NEW,HIGH,5507.41,297.0,299.0,1,,5400.0,0.9707792207792207,agent,2,FEU,1,,93,5400.0,5400.0
,2,,,,0,,HIGH,RECURRING,HIGH,13324.89,297.0,297.0,0,,0.0,0.9707792207792207,agent,,TEU,1,,93,0.0,0.0
,2,,,,0,,HIGH,RECURRING,HIGH,13324.89,297.0,297.0,0,,0.0,0.9707792207792207,agent,,REEF,1,,93,0.0,0.0
,0,,,,0,,LOW,RECURRING,HIGH,2955.05,297.0,297.0,0,,0.0,0.9666395443449959,agent,,TEU,1,,94,0.0,0.0
,1,,,,0,,HIGH,NEW,HIGH,14676.17,297.0,297.0,0,,0.0,0.9666395443449959,agent,,TEU,2,,94,0.0,0.0
,1,,,,0,,HIGH,NEW,HIGH,14676.17,297.0,297.0,0,,0.0,0.9666395443449959,agent,,FEU,1,,94,0.0,0.0
,1,,,,0,,HIGH,NEW,HIGH,14676.17,297.0,297.0,0,,0.0,0.9666395443449959,agent,,HC,1,,94,0.0,0.0
,2,,,,0,,LOW,RECURRING,HIGH,3018.93,297.0,297.0,0,,0.0,0.9666395443449959,agent,,TEU,1,,94,0.0,0.0
,0,12,7,0.631578947368421,1,2,LOW,RECURRING,HIGH,3231.24,296.0,297.0,1,,3000.0,0.9690048939641109,agent,2,TEU,1,,95,3000.0,3000.0
,0,7,8,0.4666666666666667,0,2,HIGH,RECURRING,HIGH,9608.29,296.0,296.0,1,,3000.0,0.966530612244898,agent,2,TEU,2,,96,11400.0,0.0
,0,7,8,0.4666666666666667,0,2,HIGH,RECURRING,HIGH,9608.29,296.0,296.0,1,,5400.0,0.966530612244898,agent,2,FEU,1,,96,11400.0,0.0
,1,,,,0,,LOW,NEW,HIGH,16905.51,296.0,296.0,0,,0.0,0.966530612244898,agent,,TEU,1,,96,0.0,0.0
,1,,,,0,,LOW,NEW,HIGH,16905.51,296.0,296.0,0,,0.0,0.966530612244898,agent,,FEU,2,,96,0.0,0.0
,2,,,,0,,HIGH,RECURRING,HIGH,2590.42,296.0,296.0,0,,0.0,0.966530612244898,agent,,TEU,1,,96,0.0,0.0
,3,,,,0,,HIGH,NEW,HIGH,24102.18,296.0,296.0,0,,0.0,0.966530612244898,agent,,TEU,1,,96,0.0,0.0
,3,,,,0,,HIGH,NEW,HIGH,24102.18,296.0,296.0,0,,0.0,0.966530612244898,agent,,REEF,2,,96,0.0,0.0
,0,,,,0,,LOW,RECURRING,HIGH,24888.24,296.0,296.0,0,,0.0,0.9696969696969697,agent,,TEU,3,,97,0.0,0.0
,0,,,,0,,LOW,RECURRING,HIGH,24888.24,296.0,296.0,0,,0.0,0.9696969696969697,agent,,HC,2,,97,0.0,0.0
,1,,,,0,,LOW,NEW,HIGH,5152.52,296.0,296.0,0,,0.0,0.9696969696969697,agent,,FEU,1,,97,0.0,0.0
,0,,,,0,,LOW,RECURRING,HIGH,5295.74,296.0,296.0,0,,0.0,0.9712879409351928,agent,,FEU,1,,98,0.0,0.0
,1,,,,0,,LOW,RECURRING,HIGH,12596.32,296.0,296.0,0,,0.0,0.9712879409351928,agent,,TEU,2,,98,0.0,0.0
,1,,,,0,,LOW,RECURRING,HIGH,12596.32,296.0,296.0,0,,0.0,0.9712879409351928,agent,,HC,1,,98,0.0,0.0
,2,,,,0,,LOW,RECURRING,HIGH,6749.34,296.0,296.0,0,,0.0,0.9712879409351928,agent,,TEU,2,,98,0.0,0.0
,0,,,,0,,HIGH,NEW,HIGH,13247.69,296.0,296.0,0,,0.0,0.9736842105263158,agent,,TEU,1,,99,0.0,0.0
,0,,,,0,,HIGH,NEW,HIGH,13247.69,296.0,296.0,0,,0.0,0.9736842105263158,agent,,HC,2,,99,0.0,0.0
,1,,,,0,,LOW,NEW,HIGH,14565.89,296.0,296.0,0,,0.0,0.9736842105263158,agent,,FEU,1,,99,0.0,0.0
,1,,,,0,,LOW,NEW,HIGH,14565.89,296.0,296.0,0,,0.0,0.9736842105263158,agent,,REEF,1,,99,0.0,0.0
,2,,,,0,,LOW,NEW,HIGH,3460.02,296.0,296.0,0,,0.0,0.9736842105263158,agent,,TEU,1,,99,0.0,0.0
,3,13,2,0.8666666666666667,0,2,HIGH,NEW,HIGH,5354.44,296.0,296.0,1,,5400.0,0.9736842105263158,agent,2,FEU,1,,99,5400.0,0.0
,0,,,,0,,HIGH,RECURRING,HIGH,20754.67,296.0,296.0,0,,0.0,0.976897689768977,agent,,TEU,3,,100,0.0,0.0
,0,,,,0,,HIGH,RECURRING,HIGH,20754.67,296.0,296.0,0,,0.0,0.976897689768977,agent,,FEU,2,,100,0.0,0.0
,1,,,,0,,LOW,NEW,HIGH,9714.45,296.0,296.0,0,,0.0,0.976897689768977,agent,,TEU,1,,100,0.0,0.0
,1,,,,0,,LOW,NEW,HIGH,9714.45,296.0,296.0,0,,0.0,0.976897689768977,agent,,HC,1,,100,0.0,0.0
,2,,,,0,,HIGH,RECURRING,HIGH,30546.72,296.0,296.0,0,,0.0,0.976897689768977,agent,,TEU,3,,100,0.0,0.0
,2,,,,0,,HIGH,RECURRING,HIGH,30546.72,296.0,296.0,0,,0.0,0.976897689768977,agent,,FEU,2,,100,0.0,0.0
,2,,,,0,,HIGH,RECURRING,HIGH,30546.72,296.0,296.0,0,,0.0,0.976897689768977,agent,,HC,1,,100,0.0,0.0
,0,13,2,0.8666666666666667,0,2,HIGH,NEW,HIGH,22954.49,296.0,296.0,1,,3000.0,0.9793217535153019,agent,2,TEU,4,,101,23520.0,0.0
,0,13,2,0.8666666666666667,0,2,HIGH,NEW,HIGH,22954.49,296.0,296.0,1,,5760.0,0.9793217535153019,agent,2,HC,2,,101,23520.0,0.0
,1,,,,0,,HIGH,RECURRING,HIGH,16166.98,296.0,296.0,0,,0.0,0.9793217535153019,agent,,TEU,3,,101,0.0,0.0
,1,,,,0,,HIGH,RECURRING,HIGH,16166.98,296.0,296.0,0,,0.0,0.9793217535153019,agent,,FEU,1,,101,0.0,0.0
,2,,,,0,,LOW,RECURRING,HIGH,12993.79,296.0,296.0,0,,0.0,0.9793217535153019,agent,,TEU,2,,101,0.0,0.0
,2,,,,0,,LOW,RECURRING,HIGH,12993.79,296.0,296.0,0,,0.0,0.9793217535153019,agent,,FEU,1,,101,0.0,0.0
,3,,,,0,,LOW,RECURRING,HIGH,17913.4,296.0,296.0,0,,0.0,0.9793217535153019,agent,,REEF,2,,101,0.0,0.0
,0,13,2,0.8666666666666667,0,2,HIGH,NEW,HIGH,13532.36,296.0,296.0,1,,3000.0,0.9825726141078838,agent,2,TEU,3,,102,14760.0,0.0
,0,13,2,0.8666666666666667,0,2,HIGH,NEW,HIGH,13532.36,296.0,296.0,1,,5760.0,0.9825726141078838,agent,2,HC,1,,102,14760.0,0.0
,1,,,,0,,HIGH,NEW,HIGH,9778.04,296.0,296.0,0,,0.0,0.9825726141078838,agent,,TEU,2,,102,0.0,0.0
,1,,,,0,,HIGH,NEW,HIGH,9778.04,296.0,296.0,0,,0.0,0.9825726141078838,agent,,FEU,1,,102,0.0,0.0
,0,,,,0,,LOW,RECURRING,HIGH,14155.28,296.0,296.0,0,,0.0,0.9842061512884456,agent,,TEU,2,,103,0.0,0.0
,0,,,,0,,LOW,RECURRING,HIGH,14155.28,296.0,296.0,0,,0.0,0.9842061512884456,agent,,HC,1,,103,0.0,0.0
,1,,,,0,,LOW,RECURRING,HIGH,12955.66,296.0,296.0,0,,0.0,0.9842061512884456,agent,,TEU,1,,103,0.0,0.0
,1,,,,0,,LOW,RECURRING,HIGH,12955.66,296.0,296.0,0,,0.0,0.9842061512884456,agent,,FEU,2,,103,0.0,0.0
,2,,,,0,,LOW,NEW,HIGH,20389.31,296.0,296.0,0,,0.0,0.9842061512884456,agent,,TEU,1,,103,0.0,0.0
,2,,,,0,,LOW,NEW,HIGH,20389.31,296.0,296.0,0,,0.0,0.9842061512884456,agent,,FEU,1,,103,0.0,0.0
,2,,,,0,,LOW,NEW,HIGH,20389.31,296.0,296.0,0,,0.0,0.9842061512884456,agent,,HC,2,,103,0.0,0.0
,3,15,5,0.75,0,2,LOW,NEW,HIGH,2957.45,296.0,296.0,1,,3000.0,0.9842061512884456,agent,2,TEU,1,,103,3000.0,0.0
,4,7,9,0.4375,1,2,HIGH,RECURRING,HIGH,15433.03,293.0,296.0,1,,3000.0,0.9842061512884456,agent,2,TEU,1,,103,12600.0,12600.0
,4,7,9,0.4375,1,2,HIGH,RECURRING,HIGH,15433.03,293.0,296.0,1,,9600.0,0.9842061512884456,agent,2,REEF,1,,103,12600.0,12600.0
,0,,,,0,,LOW,NEW,HIGH,3377.33,293.0,293.0,0,,0.0,0.9782971619365609,agent,,TEU,1,,104,0.0,0.0
,1,,,,0,,HIGH,NEW,HIGH,16680.87,293.0,293.0,0,,0.0,0.9782971619365609,agent,,HC,1,,104,0.0,0.0
,1,,,,0,,HIGH,NEW,HIGH,16680.87,293.0,293.0,0,,0.0,0.9782971619365609,agent,,REEF,1,,104,0.0,0.0
,0,15,5,0.75,1,2,LOW,NEW,HIGH,10072.07,290.0,293.0,1,,3000.0,0.979933110367893,agent,2,TEU,1,,105,8400.0,8400.0
,0,15,5,0.75,1,2,LOW,NEW,HIGH,10072.07,290.0,293.0,1,,5400.0,0.979933110367893,agent,2,FEU,1,,105,8400.0,8400.0
,1,,,,0,,LOW,NEW,HIGH,12380.97,290.0,290.0,0,,0.0,0.979933110367893,agent,,FEU,2,,105,0.0,0.0
,0,13,5,0.7222222222222222,0,2,HIGH,NEW,HIGH,16451.17,290.0,290.0,1,,5400.0,0.9715242881072027,agent,2,FEU,2,,106,16560.0,0.0
,0,13,5,0.7222222222222222,0,2,HIGH,NEW,HIGH,16451.17,290.0,290.0,1,,5760.0,0.9715242881072027,agent,2,HC,1,,106,16560.0,0.0
,1,13,5,0.7222222222222222,0,2,HIGH,NEW,HIGH,18239.71,290.0,290.0,1,,3000.0,0.9715242881072027,agent,2,TEU,3,,106,20160.0,0.0
,1,13,5,0.7222222222222222,0,2,HIGH,NEW,HIGH,18239.71,290.0,290.0,1,,5400.0,0.9715242881072027,agent,2,FEU,1,,106,20160.0,0.0
,1,13,5,0.7222222222222222,0,2,HIGH,NEW,HIGH,18239.71,290.0,290.0,1,,5760.0,0.9715242881072027,agent,2,HC,1,,106,20160.0,0.0
,0,13,7,0.65,1,2,HIGH,NEW,HIGH,36990.48,282.0,290.0,1,,3000.0,0.9731543624161074,agent,2,TEU,2,,107,30960.0,30960.0
,0,13,7,0.65,1,2,HIGH,NEW,HIGH,36990.48,282.0,290.0,1,,5760.0,0.9731543624161074,agent,2,HC,1,,107,30960.0,30960.0
,0,13,7,0.65,1,2,HIGH,NEW,HIGH,36990.48,282.0,290.0,1,,9600.0,0.9731543624161074,agent,2,REEF,2,,107,30960.0,30960.0
,1,,,,0,,LOW,NEW,HIGH,5274.2,282.0,282.0,0,,0.0,0.9731543624161074,agent,,TEU,2,,107,0.0,0.0
,2,,,,0,,LOW,NEW,HIGH,30559.34,282.0,282.0,0,,0.0,0.9731543624161074,agent,,TEU,1,,107,0.0,0.0
,2,,,,0,,LOW,NEW,HIGH,30559.34,282.0,282.0,0,,0.0,0.9731543624161074,agent,,FEU,2,,107,0.0,0.0
,2,,,,0,,LOW,NEW,HIGH,30559.34,282.0,282.0,0,,0.0,0.9731543624161074,agent,,HC,1,,107,0.0,0.0
,2,,,,0,,LOW,NEW,HIGH,30559.34,282.0,282.0,0,,0.0,0.9731543624161074,agent,,REEF,1,,107,0.0,0.0
,3,,,,0,,LOW,RECURRING,HIGH,20851.01,282.0,282.0,0,,0.0,0.9731543624161074,agent,,TEU,3,,107,0.0,0.0
,3,,,,0,,LOW,RECURRING,HIGH,20851.01,282.0,282.0,0,,0.0,0.9731543624161074,agent,,HC,2,,107,0.0,0.0
,4,16,6,0.7272727272727273,1,2,LOW,NEW,HIGH,22032.93,275.0,282.0,1,,3000.0,0.9731543624161074,agent,2,TEU,1,,107,19920.0,19920.0
,4,16,6,0.7272727272727273,1,2,LOW,NEW,HIGH,22032.93,275.0,282.0,1,,5400.0,0.9731543624161074,agent,2,FEU,1,,107,19920.0,19920.0
,4,16,6,0.7272727272727273,1,2,LOW,NEW,HIGH,22032.93,275.0,282.0,1,,5760.0,0.9731543624161074,agent,2,HC,2,,107,19920.0,19920.0
,5,,,,0,,LOW,RECURRING,HIGH,11446.08,275.0,275.0,0,,0.0,0.9731543624161074,agent,,REEF,1,,107,0.0,0.0
,0,16,6,0.7272727272727273,0,2,LOW,NEW,HIGH,7783.53,275.0,275.0,1,,3000.0,0.927487352445194,agent,2,TEU,1,,108,8760.0,0.0
,0,16,6,0.7272727272727273,0,2,LOW,NEW,HIGH,7783.53,275.0,275.0,1,,5760.0,0.927487352445194,agent,2,HC,1,,108,8760.0,0.0
,1,,,,0,,LOW,NEW,HIGH,6313.4,275.0,275.0,0,,0.0,0.927487352445194,agent,,FEU,1,,108,0.0,0.0
,0,,,,0,,LOW,RECURRING,HIGH,20454.95,275.0,275.0,0,,0.0,0.9290540540540541,agent,,TEU,4,,109,0.0,0.0
,0,,,,0,,LOW,RECURRING,HIGH,20454.95,275.0,275.0,0,,0.0,0.9290540540540541,agent,,FEU,1,,109,0.0,0.0
,1,,,,0,,LOW,RECURRING,HIGH,4655.99,275.0,275.0,0,,0.0,0.9290540540540541,agent,,FEU,1,,109,0.0,0.0
,2,,,,0,,LOW,RECURRING,HIGH,19933.56,275.0,275.0,0,,0.0,0.9290540540540541,agent,,TEU,2,,109,0.0,0.0
,2,,,,0,,LOW,RECURRING,HIGH,19933.56,275.0,275.0,0,,0.0,0.9290540540540541,agent,,FEU,2,,109,0.0,0.0
,0,,,,0,,LOW,RECURRING,HIGH,2868.31,275.0,275.0,0,,0.0,0.9314140558848434,agent,,TEU,1,,110,0.0,0.0
,1,,,,0,,LOW,NEW,HIGH,16611.07,275.0,275.0,0,,0.0,0.9314140558848434,agent,,TEU,4,,110,0.0,0.0
,1,,,,0,,LOW,NEW,HIGH,16611.07,275.0,275.0,0,,0.0,0.9314140558848434,agent,,FEU,1,,110,0.0,0.0
,2,,,,0,,HIGH,RECURRING,HIGH,9840.82,275.0,275.0,0,,0.0,0.9314140558848434,agent,,TEU,1,,110,0.0,0.0
,2,,,,0,,HIGH,RECURRING,HIGH,9840.82,275.0,275.0,0,,0.0,0.9314140558848434,agent,,HC,1,,110,0.0,0.0
,3,,,,0,,HIGH,NEW,HIGH,16837.11,275.0,275.0,0,,0.0,0.9314140558848434,agent,,TEU,1,,110,0.0,0.0
,3,,,,0,,HIGH,NEW,HIGH,16837.11,275.0,275.0,0,,0.0,0.9314140558848434,agent,,FEU,1,,110,0.0,0.0
,3,,,,0,,HIGH,NEW,HIGH,16837.11,275.0,275.0,0,,0.0,0.9314140558848434,agent,,REEF,1,,110,0.0,0.0
,0,17,7,0.7083333333333334,0,2,LOW,NEW,HIGH,8514.45,275.0,275.0,1,,3000.0,0.9345794392523364,agent,2,TEU,3,,111,9000.0,0.0
,1,,,,0,,HIGH,RECURRING,HIGH,9642.56,275.0,275.0,0,,0.0,0.9345794392523364,agent,,TEU,1,,111,0.0,0.0
,1,,,,0,,HIGH,RECURRING,HIGH,9642.56,275.0,275.0,0,,0.0,0.9345794392523364,agent,,FEU,1,,111,0.0,0.0
,2,,,,0,,HIGH,RECURRING,HIGH,6949.0,275.0,275.0,0,,0.0,0.9345794392523364,agent,,HC,1,,111,0.0,0.0
,0,14,7,0.6666666666666666,0,2,HIGH,NEW,HIGH,18896.68,275.0,275.0,1,,3000.0,0.9369676320272572,agent,2,TEU,2,,112,22560.0,0.0
,0,14,7,0.6666666666666666,0,2,HIGH,NEW,HIGH,18896.68,275.0,275.0,1,,5400.0,0.9369676320272572,agent,2,FEU,2,,112,22560.0,0.0
,0,14,7,0.6666666666666666,0,2,HIGH,NEW,HIGH,18896.68,275.0,275.0,1,,5760.0,0.9369676320272572,agent,2,HC,1,,112,22560.0,0.0
,1,,,,0,,LOW,RECURRING,HIGH,7391.12,275.0,275.0,0,,0.0,0.9369676320272572,agent,,TEU,1,,112,0.0,0.0
,1,,,,0,,LOW,RECURRING,HIGH,7391.12,275.0,275.0,0,,0.0,0.9369676320272572,agent,,HC,1,,112,0.0,0.0
,2,,,,0,,LOW,NEW,HIGH,11223.85,275.0,275.0,0,,0.0,0.9369676320272572,agent,,TEU,2,,112,0.0,0.0
,2,,,,0,,LOW,NEW,HIGH,11223.85,275.0,275.0,0,,0.0,0.9369676320272572,agent,,HC,1,,112,0.0,0.0
,3,,,,0,,LOW,RECURRING,HIGH,7048.22,275.0,275.0,0,,0.0,0.9369676320272572,agent,,HC,1,,112,0.0,0.0
,4,,,,0,,LOW,RECURRING,HIGH,12454.21,275.0,275.0,0,,0.0,0.9369676320272572,agent,,FEU,1,,112,0.0,0.0
,4,,,,0,,LOW,RECURRING,HIGH,12454.21,275.0,275.0,0,,0.0,0.9369676320272572,agent,,HC,1,,112,0.0,0.0
,5,,,,0,,HIGH,RECURRING,HIGH,7050.9,275.0,275.0,0,,0.0,0.9369676320272572,agent,,TEU,1,,112,0.0,0.0
,5,,,,0,,HIGH,RECURRING,HIGH,7050.9,275.0,275.0,0,,0.0,0.9369676320272572,agent,,FEU,1,,112,0.0,0.0
,0,,,,0,,HIGH,NEW,HIGH,11113.78,275.0,275.0,0,,0.0,0.9417808219178082,agent,,FEU,1,,113,0.0,0.0
,0,,,,0,,HIGH,NEW,HIGH,11113.78,275.0,275.0,0,,0.0,0.9417808219178082,agent,,HC,1,,113,0.0,0.0
,0,,,,0,,LOW,RECURRING,HIGH,11034.03,275.0,275.0,0,,0.0,0.9425878320479862,agent,,TEU,3,,114,0.0,0.0
,1,,,,0,,HIGH,NEW,HIGH,2733.43,275.0,275.0,0,,0.0,0.9425878320479862,agent,,TEU,1,,114,0.0,0.0
,2,,,,0,,LOW,NEW,HIGH,22826.37,275.0,275.0,0,,0.0,0.9425878320479862,agent,,TEU,1,,114,0.0,0.0
,2,,,,0,,LOW,NEW,HIGH,22826.37,275.0,275.0,0,,0.0,0.9425878320479862,agent,,FEU,1,,114,0.0,0.0
,2,,,,0,,LOW,NEW,HIGH,22826.37,275.0,275.0,0,,0.0,0.9425878320479862,agent,,HC,1,,114,0.0,0.0
,2,,,,0,,LOW,NEW,HIGH,22826.37,275.0,275.0,0,,0.0,0.9425878320479862,agent,,REEF,1,,114,0.0,0.0
,0,,,,0,,HIGH,NEW,HIGH,5325.17,275.0,275.0,0,,0.0,0.9450171821305842,agent,,FEU,1,,115,0.0,0.0
,1,,,,0,,LOW,RECURRING,HIGH,19730.82,275.0,275.0,0,,0.0,0.9450171821305842,agent,,TEU,2,,115,0.0,0.0
,1,,,,0,,LOW,RECURRING,HIGH,19730.82,275.0,275.0,0,,0.0,0.9450171821305842,agent,,FEU,3,,115,0.0,0.0
,2,17,8,0.68,1,2,LOW,NEW,HIGH,5735.67,273.0,275.0,1,,5400.0,0.9450171821305842,agent,2,FEU,1,,115,5400.0,5400.0
,3,,,,0,,LOW,NEW,HIGH,6017.04,273.0,273.0,0,,0.0,0.9450171821305842,agent,,FEU,1,,115,0.0,0.0
,4,,,,0,,LOW,RECURRING,HIGH,13133.95,273.0,273.0,0,,0.0,0.9450171821305842,agent,,TEU,2,,115,0.0,0.0
,4,,,,0,,LOW,RECURRING,HIGH,13133.95,273.0,273.0,0,,0.0,0.9450171821305842,agent,,HC,1,,115,0.0,0.0
,0,,,,0,,LOW,RECURRING,HIGH,21818.41,273.0,273.0,0,,0.0,0.9421915444348576,agent,,TEU,1,,116,0.0,0.0
,0,,,,0,,LOW,RECURRING,HIGH,21818.41,273.0,273.0,0,,0.0,0.9421915444348576,agent,,FEU,2,,116,0.0,0.0
,0,,,,0,,LOW,RECURRING,HIGH,21818.41,273.0,273.0,0,,0.0,0.9421915444348576,agent,,HC,1,,116,0.0,0.0
,1,,,,0,,HIGH,NEW,HIGH,8414.09,273.0,273.0,0,,0.0,0.9421915444348576,agent,,TEU,1,,116,0.0,0.0
,1,,,,0,,HIGH,NEW,HIGH,8414.09,273.0,273.0,0,,0.0,0.9421915444348576,agent,,FEU,1,,116,0.0,0.0
,2,,,,0,,HIGH,NEW,HIGH,22423.74,273.0,273.0,0,,0.0,0.9421915444348576,agent,,TEU,1,,116,0.0,0.0
,2,,,,0,,HIGH,NEW,HIGH,22423.74,273.0,273.0,0,,0.0,0.9421915444348576,agent,,REEF,2,,116,0.0,0.0
,0,17,8,0.68,1,2,LOW,NEW,HIGH,13070.34,269.0,273.0,1,,3000.0,0.9446366782006921,agent,2,TEU,2,,117,11400.0,11400.0
,0,17,8,0.68,1,2,LOW,NEW,HIGH,13070.34,269.0,273.0,1,,5400.0,0.9446366782006921,agent,2,FEU,1,,117,11400.0,11400.0
,1,,,,0,,LOW,NEW,HIGH,5638.64,269.0,269.0,0,,0.0,0.9446366782006921,agent,,FEU,1,,117,0.0,0.0
,2,,,,0,,HIGH,NEW,HIGH,6152.05,269.0,269.0,0,,0.0,0.9446366782006921,agent,,FEU,1,,117,0.0,0.0
,0,,,,0,,LOW,RECURRING,HIGH,20687.49,269.0,269.0,0,,0.0,0.9332176929748482,agent,,TEU,1,,118,0.0,0.0
,0,,,,0,,LOW,RECURRING,HIGH,20687.49,269.0,269.0,0,,0.0,0.9332176929748482,agent,,FEU,3,,118,0.0,0.0
,1,,,,0,,LOW,NEW,HIGH,18877.46,269.0,269.0,0,,0.0,0.9332176929748482,agent,,HC,1,,118,0.0,0.0
,1,,,,0,,LOW,NEW,HIGH,18877.46,269.0,269.0,0,,0.0,0.9332176929748482,agent,,REEF,1,,118,0.0,0.0
,0,,,,0,,LOW,RECURRING,HIGH,7285.83,269.0,269.0,0,,0.0,0.9348392701998263,agent,,TEU,1,,119,0.0,0.0
,0,,,,0,,LOW,RECURRING,HIGH,7285.83,269.0,269.0,0,,0.0,0.9348392701998263,agent,,FEU,1,,119,0.0,0.0
,1,,,,0,,LOW,NEW,HIGH,7560.42,269.0,269.0,0,,0.0,0.9348392701998263,agent,,TEU,1,,119,0.0,0.0
,1,,,,0,,LOW,NEW,HIGH,7560.42,269.0,269.0,0,,0.0,0.9348392701998263,agent,,FEU,1,,119,0.0,0.0
,2,13,7,0.65,0,2,LOW,RECURRING,HIGH,5325.61,269.0,269.0,1,,5400.0,0.9348392701998263,agent,2,FEU,1,,119,5400.0,0.0
,3,,,,0,,HIGH,NEW,HIGH,5002.37,269.0,269.0,0,,0.0,0.9348392701998263,agent,,FEU,1,,119,0.0,0.0
,0,,,,0,,HIGH,NEW,HIGH,6573.81,269.0,269.0,0,,0.0,0.9380993897122929,agent,,HC,1,,120,0.0,0.0
,1,,,,0,,LOW,NEW,HIGH,14326.53,269.0,269.0,0,,0.0,0.9380993897122929,agent,,TEU,1,,120,0.0,0.0
,1,,,,0,,LOW,NEW,HIGH,14326.53,269.0,269.0,0,,0.0,0.9380993897122929,agent,,FEU,1,,120,0.0,0.0
,1,,,,0,,LOW,NEW,HIGH,14326.53,269.0,269.0,0,,0.0,0.9380993897122929,agent,,HC,1,,120,0.0,0.0
,2,,,,0,,LOW,NEW,HIGH,7988.49,269.0,269.0,0,,0.0,0.9380993897122929,agent,,TEU,3,,120,0.0,0.0
,0,,,,0,,LOW,RECURRING,HIGH,11710.92,269.0,269.0,0,,0.0,0.9405594405594405,agent,,TEU,2,,121,0.0,0.0
,0,,,,0,,LOW,RECURRING,HIGH,11710.92,269.0,269.0,0,,0.0,0.9405594405594405,agent,,FEU,1,,121,0.0,0.0
,1,19,8,0.7037037037037037,1,2,LOW,NEW,HIGH,16123.85,265.0,269.0,1,,5400.0,0.9405594405594405,agent,2,FEU,1,,121,15000.0,15000.0
,1,19,8,0.7037037037037037,1,2,LOW,NEW,HIGH,16123.85,265.0,269.0,1,,9600.0,0.9405594405594405,agent,2,REEF,1,,121,15000.0,15000.0
,0,,,,0,,LOW,NEW,HIGH,19247.41,265.0,265.0,0,,0.0,0.9281961471103327,agent,,TEU,2,,122,0.0,0.0
,0,,,,0,,LOW,NEW,HIGH,19247.41,265.0,265.0,0,,0.0,0.9281961471103327,agent,,FEU,1,,122,0.0,0.0
,0,,,,0,,LOW,NEW,HIGH,19247.41,265.0,265.0,0,,0.0,0.9281961471103327,agent,,REEF,1,,122,0.0,0.0
,1,,,,0,,LOW,NEW,HIGH,5853.85,265.0,265.0,0,,0.0,0.9281961471103327,agent,,HC,1,,122,0.0,0.0
,2,13,8,0.6190476190476191,1,2,LOW,RECURRING,HIGH,3630.59,264.0,265.0,1,,3000.0,0.9281961471103327,agent,2,TEU,1,,122,3000.0,3000.0
,3,,,,0,,LOW,NEW,HIGH,3362.35,264.0,264.0,0,,0.0,0.9281961471103327,agent,,TEU,1,,122,0.0,0.0
,4,,,,0,,LOW,RECURRING,HIGH,12389.18,264.0,264.0,0,,0.0,0.9281961471103327,agent,,TEU,1,,122,0.0,0.0
,4,,,,0,,LOW,RECURRING,HIGH,12389.18,264.0,264.0,0,,0.0,0.9281961471103327,agent,,FEU,2,,122,0.0,0.0
,0,,,,0,,HIGH,NEW,HIGH,12355.31,264.0,264.0,0,,0.0,0.9287598944591029,agent,,TEU,1,,123,0.0,0.0
,0,,,,0,,HIGH,NEW,HIGH,12355.31,264.0,264.0,0,,0.0,0.9287598944591029,agent,,FEU,1,,123,0.0,0.0
,0,,,,0,,HIGH,NEW,HIGH,12355.31,264.0,264.0,0,,0.0,0.9287598944591029,agent,,HC,1,,123,0.0,0.0
,0,,,,0,,HIGH,RECURRING,HIGH,24067.03,264.0,264.0,0,,0.0,0.9295774647887324,agent,,TEU,4,,124,0.0,0.0
,0,,,,0,,HIGH,RECURRING,HIGH,24067.03,264.0,264.0,0,,0.0,0.9295774647887324,agent,,REEF,1,,124,0.0,0.0
,1,,,,0,,LOW,NEW,HIGH,11310.36,264.0,264.0,0,,0.0,0.9295774647887324,agent,,HC,2,,124,0.0,0.0
,2,8,9,0.47058823529411764,1,2,HIGH,RECURRING,HIGH,9185.57,261.0,264.0,1,,3000.0,0.9295774647887324,agent,2,TEU,1,,124,8400.0,8400.0
,2,8,9,0.47058823529411764,1,2,HIGH,RECURRING,HIGH,9185.57,261.0,264.0,1,,5400.0,0.9295774647887324,agent,2,FEU,1,,124,8400.0,8400.0
,3,,,,0,,HIGH,NEW,HIGH,5606.86,261.0,261.0,0,,0.0,0.9295774647887324,agent,,FEU,1,,124,0.0,0.0
,0,14,8,0.6363636363636364,1,2,LOW,RECURRING,HIGH,13433.58,257.0,261.0,1,,5760.0,0.9222614840989399,agent,2,HC,2,,125,11520.0,11520.0
,1,,,,0,,HIGH,RECURRING,HIGH,11692.12,257.0,257.0,0,,0.0,0.9222614840989399,agent,,FEU,1,,125,0.0,0.0
,1,,,,0,,HIGH,RECURRING,HIGH,11692.12,257.0,257.0,0,,0.0,0.9222614840989399,agent,,HC,1,,125,0.0,0.0
,2,14,8,0.6363636363636364,0,2,LOW,RECURRING,HIGH,8368.4,257.0,257.0,1,,3000.0,0.9222614840989399,agent,2,TEU,1,,125,8400.0,0.0
,2,14,8,0.6363636363636364,0,2,LOW,RECURRING,HIGH,8368.4,257.0,257.0,1,,5400.0,0.9222614840989399,agent,2,FEU,1,,125,8400.0,0.0
,3,14,8,0.6363636363636364,1,2,LOW,RECURRING,HIGH,17905.52,252.0,257.0,1,,3000.0,0.9222614840989399,agent,2,TEU,5,,125,15000.0,15000.0
,0,,,,0,,HIGH,NEW,HIGH,8805.45,252.0,252.0,0,,0.0,0.8936170212765957,agent,,TEU,1,,126,0.0,0.0
,0,,,,0,,HIGH,NEW,HIGH,8805.45,252.0,252.0,0,,0.0,0.8936170212765957,agent,,HC,1,,126,0.0,0.0
,1,,,,0,,LOW,NEW,HIGH,12143.35,252.0,252.0,0,,0.0,0.8936170212765957,agent,,TEU,2,,126,0.0,0.0
,1,,,,0,,LOW,NEW,HIGH,12143.35,252.0,252.0,0,,0.0,0.8936170212765957,agent,,FEU,1,,126,0.0,0.0
,2,,,,0,,LOW,RECURRING,HIGH,6762.1,252.0,252.0,0,,0.0,0.8936170212765957,agent,,TEU,2,,126,0.0,0.0
,0,,,,0,,LOW,NEW,HIGH,14047.68,252.0,252.0,0,,0.0,0.896,agent,,TEU,1,,127,0.0,0.0
,0,,,,0,,LOW,NEW,HIGH,14047.68,252.0,252.0,0,,0.0,0.896,agent,,FEU,1,,127,0.0,0.0
,0,,,,0,,LOW,NEW,HIGH,14047.68,252.0,252.0,0,,0.0,0.896,agent,,HC,1,,127,0.0,0.0
,1,,,,0,,LOW,NEW,HIGH,8260.85,252.0,252.0,0,,0.0,0.896,agent,,TEU,1,,127,0.0,0.0
,1,,,,0,,LOW,NEW,HIGH,8260.85,252.0,252.0,0,,0.0,0.896,agent,,FEU,1,,127,0.0,0.0
,2,,,,0,,HIGH,NEW,HIGH,25179.72,252.0,252.0,0,,0.0,0.896,agent,,TEU,3,,127,0.0,0.0
,2,,,,0,,HIGH,NEW,HIGH,25179.72,252.0,252.0,0,,0.0,0.896,agent,,FEU,1,,127,0.0,0.0
,2,,,,0,,HIGH,NEW,HIGH,25179.72,252.0,252.0,0,,0.0,0.896,agent,,REEF,1,,127,0.0,0.0
,3,,,,0,,HIGH,NEW,HIGH,7043.87,252.0,252.0,0,,0.0,0.896,agent,,TEU,1,,127,0.0,0.0
,3,,,,0,,HIGH,NEW,HIGH,7043.87,252.0,252.0,0,,0.0,0.896,agent,,FEU,1,,127,0.0,0.0
,0,9,9,0.5,1,2,HIGH,RECURRING,HIGH,9297.62,249.0,252.0,1,,3000.0,0.8991971454058876,agent,2,TEU,1,,128,8400.0,8400.0
,0,9,9,0.5,1,2,HIGH,RECURRING,HIGH,9297.62,249.0,252.0,1,,5400.0,0.8991971454058876,agent,2,FEU,1,,128,8400.0,8400.0
,1,,,,0,,LOW,RECURRING,HIGH,14312.24,249.0,249.0,0,,0.0,0.8991971454058876,agent,,FEU,1,,128,0.0,0.0
,1,,,,0,,LOW,RECURRING,HIGH,14312.24,249.0,249.0,0,,0.0,0.8991971454058876,agent,,HC,2,,128,0.0,0.0
,2,,,,0,,LOW,NEW,HIGH,19929.06,249.0,249.0,0,,0.0,0.8991971454058876,agent,,TEU,4,,128,0.0,0.0
,2,,,,0,,LOW,NEW,HIGH,19929.06,249.0,249.0,0,,0.0,0.8991971454058876,agent,,FEU,1,,128,0.0,0.0
,3,16,9,0.64,0,2,LOW,RECURRING,HIGH,22165.8,249.0,249.0,1,,3000.0,0.8991971454058876,agent,2,TEU,2,,128,26400.0,0.0
,3,16,9,0.64,0,2,LOW,RECURRING,HIGH,22165.8,249.0,249.0,1,,5400.0,0.8991971454058876,agent,2,FEU,2,,128,26400.0,0.0
,3,16,9,0.64,0,2,LOW,RECURRING,HIGH,22165.8,249.0,249.0,1,,9600.0,0.8991971454058876,agent,2,REEF,1,,128,26400.0,0.0
,4,,,,0,,HIGH,NEW,HIGH,3441.9,249.0,249.0,0,,0.0,0.8991971454058876,agent,,TEU,1,,128,0.0,0.0
,0,,,,0,,HIGH,NEW,HIGH,18568.07,249.0,249.0,0,,0.0,0.8924731182795699,agent,,TEU,2,,129,0.0,0.0
,0,,,,0,,HIGH,NEW,HIGH,18568.07,249.0,249.0,0,,0.0,0.8924731182795699,agent,,REEF,1,,129,0.0,0.0
,1,20,8,0.7142857142857143,0,2,LOW,NEW,HIGH,5650.03,249.0,249.0,1,,3000.0,0.8924731182795699,agent,2,TEU,2,,129,6000.0,0.0
,2,,,,0,,HIGH,RECURRING,HIGH,17068.0,249.0,249.0,0,,0.0,0.8924731182795699,agent,,TEU,1,,129,0.0,0.0
,2,,,,0,,HIGH,RECURRING,HIGH,17068.0,249.0,249.0,0,,0.0,0.8924731182795699,agent,,FEU,1,,129,0.0,0.0
,2,,,,0,,HIGH,RECURRING,HIGH,17068.0,249.0,249.0,0,,0.0,0.8924731182795699,agent,,HC,1,,129,0.0,0.0
,3,,,,0,,LOW,RECURRING,HIGH,17580.8,249.0,249.0,0,,0.0,0.8924731182795699,agent,,TEU,1,,129,0.0,0.0
,3,,,,0,,LOW,RECURRING,HIGH,17580.8,249.0,249.0,0,,0.0,0.8924731182795699,agent,,HC,2,,129,0.0,0.0
,0,,,,0,,HIGH,NEW,HIGH,21113.66,249.0,249.0,0,,0.0,0.89568345323741,agent,,FEU,1,,130,0.0,0.0
,0,,,,0,,HIGH,NEW,HIGH,21113.66,249.0,249.0,0,,0.0,0.89568345323741,agent,,HC,2,,130,0.0,0.0
,0,,,,0,,LOW,NEW,HIGH,4708.69,249.0,249.0,0,,0.0,0.8964896489648965,agent,,FEU,1,,131,0.0,0.0
,1,,,,0,,LOW,NEW,HIGH,10316.65,249.0,249.0,0,,0.0,0.8964896489648965,agent,,TEU,1,,131,0.0,0.0
,1,,,,0,,LOW,NEW,HIGH,10316.65,249.0,249.0,0,,0.0,0.8964896489648965,agent,,HC,1,,131,0.0,0.0
,2,,,,0,,LOW,NEW,HIGH,7427.49,249.0,249.0,0,,0.0,0.8964896489648965,agent,,TEU,1,,131,0.0,0.0
,2,,,,0,,LOW,NEW,HIGH,7427.49,249.0,249.0,0,,0.0,0.8964896489648965,agent,,FEU,1,,131,0.0,0.0
,3,,,,0,,HIGH,NEW,HIGH,10398.82,249.0,249.0,0,,0.0,0.8964896489648965,agent,,TEU,2,,131,0.0,0.0
,3,,,,0,,HIGH,NEW,HIGH,10398.82,249.0,249.0,0,,0.0,0.8964896489648965,agent,,HC,1,,131,0.0,0.0
,4,20,8,0.7142857142857143,0,2,LOW,NEW,HIGH,9994.18,249.0,249.0,1,,3000.0,0.8964896489648965,agent,2,TEU,2,,131,11760.0,0.0
,4,20,8,0.7142857142857143,0,2,LOW,NEW,HIGH,9994.18,249.0,249.0,1,,5760.0,0.8964896489648965,agent,2,HC,1,,131,11760.0,0.0
,0,,,,0,,HIGH,NEW,HIGH,13860.83,249.0,249.0,0,,0.0,0.9005424954792043,agent,,TEU,2,,132,0.0,0.0
,0,,,,0,,HIGH,NEW,HIGH,13860.83,249.0,249.0,0,,0.0,0.9005424954792043,agent,,HC,1,,132,0.0,0.0
,1,20,9,0.6896551724137931,0,2,LOW,NEW,HIGH,30321.64,249.0,249.0,1,,3000.0,0.9005424954792043,agent,2,TEU,5,,132,31560.0,0.0
,1,20,9,0.6896551724137931,0,2,LOW,NEW,HIGH,30321.64,249.0,249.0,1,,5400.0,0.9005424954792043,agent,2,FEU,2,,132,31560.0,0.0
,1,20,9,0.6896551724137931,0,2,LOW,NEW,HIGH,30321.64,249.0,249.0,1,,5760.0,0.9005424954792043,agent,2,HC,1,,132,31560.0,0.0
,0,,,,0,,LOW,RECURRING,HIGH,9244.02,249.0,249.0,0,,0.0,0.9021739130434783,agent,,TEU,1,,133,0.0,0.0
,0,,,,0,,LOW,RECURRING,HIGH,9244.02,249.0,249.0,0,,0.0,0.9021739130434783,agent,,FEU,1,,133,0.0,0.0
,1,20,11,0.6451612903225806,1,2,LOW,NEW,HIGH,18006.76,244.0,249.0,1,,3000.0,0.9021739130434783,agent,2,TEU,3,,133,14760.0,14760.0
,1,20,11,0.6451612903225806,1,2,LOW,NEW,HIGH,18006.76,244.0,249.0,1,,5760.0,0.9021739130434783,agent,2,HC,1,,133,14760.0,14760.0
,0,10,9,0.5263157894736842,1,2,HIGH,RECURRING,HIGH,3455.12,243.0,244.0,1,,3000.0,0.8856624319419237,agent,2,TEU,1,,134,3000.0,3000.0
,0,,,,0,,LOW,NEW,HIGH,46740.7,243.0,243.0,0,,0.0,0.8828337874659401,agent,,TEU,6,,135,0.0,0.0
,0,,,,0,,LOW,NEW,HIGH,46740.7,243.0,243.0,0,,0.0,0.8828337874659401,agent,,FEU,1,,135,0.0,0.0
,0,,,,0,,LOW,NEW,HIGH,46740.7,243.0,243.0,0,,0.0,0.8828337874659401,agent,,HC,1,,135,0.0,0.0
,0,,,,0,,LOW,NEW,HIGH,46740.7,243.0,243.0,0,,0.0,0.8828337874659401,agent,,REEF,1,,135,0.0,0.0
,0,14,8,0.6363636363636364,1,2,HIGH,NEW,HIGH,6701.94,241.0,243.0,1,,3000.0,0.8836363636363637,agent,2,TEU,2,,136,6000.0,6000.0
,1,,,,0,,LOW,NEW,HIGH,20568.2,241.0,241.0,0,,0.0,0.8836363636363637,agent,,TEU,2,,136,0.0,0.0
,1,,,,0,,LOW,NEW,HIGH,20568.2,241.0,241.0,0,,0.0,0.8836363636363637,agent,,FEU,1,,136,0.0,0.0
,1,,,,0,,LOW,NEW,HIGH,20568.2,241.0,241.0,0,,0.0,0.8836363636363637,agent,,HC,1,,136,0.0,0.0
,2,,,,0,,LOW,NEW,HIGH,2629.13,241.0,241.0,0,,0.0,0.8836363636363637,agent,,TEU,1,,136,0.0,0.0
,3,,,,0,,LOW,NEW,HIGH,20515.72,241.0,241.0,0,,0.0,0.8836363636363637,agent,,TEU,2,,136,0.0,0.0
,3,,,,0,,LOW,NEW,HIGH,20515.72,241.0,241.0,0,,0.0,0.8836363636363637,agent,,FEU,2,,136,0.0,0.0
,4,,,,0,,LOW,RECURRING,HIGH,11909.5,241.0,241.0,0,,0.0,0.8836363636363637,agent,,TEU,2,,136,0.0,0.0
,4,,,,0,,LOW,RECURRING,HIGH,11909.5,241.0,241.0,0,,0.0,0.8836363636363637,agent,,FEU,1,,136,0.0,0.0
,0,,,,0,,LOW,NEW,HIGH,23472.36,241.0,241.0,0,,0.0,0.8803652968036529,agent,,REEF,2,,137,0.0,0.0
,0,,,,0,,LOW,RECURRING,HIGH,13640.32,241.0,241.0,0,,0.0,0.8811700182815356,agent,,TEU,1,,138,0.0,0.0
,0,,,,0,,LOW,RECURRING,HIGH,13640.32,241.0,241.0,0,,0.0,0.8811700182815356,agent,,REEF,1,,138,0.0,0.0
,1,,,,0,,HIGH,NEW,HIGH,13549.28,241.0,241.0,0,,0.0,0.8811700182815356,agent,,HC,2,,138,0.0,0.0
,2,16,10,0.6153846153846154,1,2,LOW,RECURRING,HIGH,7052.32,239.0,241.0,1,,5760.0,0.8811700182815356,agent,2,HC,1,,138,5760.0,5760.0
,3,,,,0,,LOW,RECURRING,HIGH,11661.5,239.0,239.0,0,,0.0,0.8811700182815356,agent,,TEU,1,,138,0.0,0.0
,3,,,,0,,LOW,RECURRING,HIGH,11661.5,239.0,239.0,0,,0.0,0.8811700182815356,agent,,FEU,2,,138,0.0,0.0
,0,,,,0,,LOW,RECURRING,HIGH,12057.95,239.0,239.0,0,,0.0,0.8770642201834863,agent,,TEU,1,,139,0.0,0.0
,0,,,,0,,LOW,RECURRING,HIGH,12057.95,239.0,239.0,0,,0.0,0.8770642201834863,agent,,FEU,2,,139,0.0,0.0
,1,,,,0,,HIGH,RECURRING,HIGH,13615.37,239.0,239.0,0,,0.0,0.8770642201834863,agent,,TEU,3,,139,0.0,0.0
,1,,,,0,,HIGH,RECURRING,HIGH,13615.37,239.0,239.0,0,,0.0,0.8770642201834863,agent,,FEU,1,,139,0.0,0.0
,2,,,,0,,HIGH,NEW,HIGH,12749.79,239.0,239.0,0,,0.0,0.8770642201834863,agent,,FEU,1,,139,0.0,0.0
,2,,,,0,,HIGH,NEW,HIGH,12749.79,239.0,239.0,0,,0.0,0.8770642201834863,agent,,HC,1,,139,0.0,0.0
,0,,,,0,,LOW,RECURRING,HIGH,9909.7,239.0,239.0,0,,0.0,0.8794848206071757,agent,,TEU,1,,140,0.0,0.0
,0,,,,0,,LOW,RECURRING,HIGH,9909.7,239.0,239.0,0,,0.0,0.8794848206071757,agent,,FEU,1,,140,0.0,0.0
,1,,,,0,,LOW,NEW,HIGH,2720.81,239.0,239.0,0,,0.0,0.8794848206071757,agent,,TEU,1,,140,0.0,0.0
,2,,,,0,,HIGH,RECURRING,HIGH,5409.51,239.0,239.0,0,,0.0,0.8794848206071757,agent,,FEU,1,,140,0.0,0.0
,3,,,,0,,LOW,NEW,HIGH,6100.56,239.0,239.0,0,,0.0,0.8794848206071757,agent,,FEU,1,,140,0.0,0.0
,0,,,,0,,LOW,RECURRING,HIGH,5976.4,239.0,239.0,0,,0.0,0.8827331486611265,agent,,TEU,2,,141,0.0,0.0
,1,17,10,0.6296296296296297,1,2,LOW,RECURRING,HIGH,25842.74,234.0,239.0,1,,3000.0,0.8827331486611265,agent,2,TEU,1,,141,22200.0,22200.0
,1,17,10,0.6296296296296297,1,2,LOW,RECURRING,HIGH,25842.74,234.0,239.0,1,,9600.0,0.8827331486611265,agent,2,REEF,2,,141,22200.0,22200.0
,0,,,,0,,HIGH,RECURRING,HIGH,26153.04,234.0,234.0,0,,0.0,0.8658649398704903,agent,,TEU,1,,142,0.0,0.0
,0,,,,0,,HIGH,RECURRING,HIGH,26153.04,234.0,234.0,0,,0.0,0.8658649398704903,agent,,FEU,1,,142,0.0,0.0
,0,,,,0,,HIGH,RECURRING,HIGH,26153.04,234.0,234.0,0,,0.0,0.8658649398704903,agent,,HC,1,,142,0.0,0.0
,0,,,,0,,HIGH,RECURRING,HIGH,26153.04,234.0,234.0,0,,0.0,0.8658649398704903,agent,,REEF,1,,142,0.0,0.0
,1,,,,0,,LOW,RECURRING,HIGH,8335.04,234.0,234.0,0,,0.0,0.8658649398704903,agent,,TEU,1,,142,0.0,0.0
,1,,,,0,,LOW,RECURRING,HIGH,8335.04,234.0,234.0,0,,0.0,0.8658649398704903,agent,,FEU,1,,142,0.0,0.0
,2,15,8,0.6521739130434783,1,2,HIGH,NEW,HIGH,12780.83,230.0,234.0,1,,3000.0,0.8658649398704903,agent,2,TEU,2,,142,11400.0,11400.0
,2,15,8,0.6521739130434783,1,2,HIGH,NEW,HIGH,12780.83,230.0,234.0,1,,5400.0,0.8658649398704903,agent,2,FEU,1,,142,11400.0,11400.0
,3,,,,0,,HIGH,RECURRING,HIGH,10055.18,230.0,230.0,0,,0.0,0.8658649398704903,agent,,TEU,1,,142,0.0,0.0
,3,,,,0,,HIGH,RECURRING,HIGH,10055.18,230.0,230.0,0,,0.0,0.8658649398704903,agent,,HC,1,,142,0.0,0.0
,0,,,,0,,LOW,NEW,HIGH,14975.18,230.0,230.0,0,,0.0,0.8542246982358404,agent,,FEU,1,,143,0.0,0.0
,0,,,,0,,LOW,NEW,HIGH,14975.18,230.0,230.0,0,,0.0,0.8542246982358404,agent,,REEF,1,,143,0.0,0.0
,1,,,,0,,LOW,RECURRING,HIGH,9820.31,230.0,230.0,0,,0.0,0.8542246982358404,agent,,TEU,1,,143,0.0,0.0
,1,,,,0,,LOW,RECURRING,HIGH,9820.31,230.0,230.0,0,,0.0,0.8542246982358404,agent,,FEU,1,,143,0.0,0.0
,2,21,11,0.65625,0,2,LOW,NEW,HIGH,17289.1,230.0,230.0,1,,5400.0,0.8542246982358404,agent,2,FEU,2,,143,20400.0,0.0
,2,21,11,0.65625,0,2,LOW,NEW,HIGH,17289.1,230.0,230.0,1,,9600.0,0.8542246982358404,agent,2,REEF,1,,143,20400.0,0.0
,0,,,,0,,LOW,RECURRING,HIGH,20571.44,230.0,230.0,0,,0.0,0.8566108007448789,agent,,TEU,1,,144,0.0,0.0
,0,,,,0,,LOW,RECURRING,HIGH,20571.44,230.0,230.0,0,,0.0,0.8566108007448789,agent,,HC,1,,144,0.0,0.0
,0,,,,0,,LOW,RECURRING,HIGH,20571.44,230.0,230.0,0,,0.0,0.8566108007448789,agent,,REEF,1,,144,0.0,0.0
,1,,,,0,,HIGH,RECURRING,HIGH,6251.45,230.0,230.0,0,,0.0,0.8566108007448789,agent,,FEU,1,,144,0.0,0.0
,2,,,,0,,LOW,NEW,HIGH,12939.41,230.0,230.0,0,,0.0,0.8566108007448789,agent,,TEU,1,,144,0.0,0.0
,2,,,,0,,LOW,NEW,HIGH,12939.41,230.0,230.0,0,,0.0,0.8566108007448789,agent,,FEU,1,,144,0.0,0.0
,2,,,,0,,LOW,NEW,HIGH,12939.41,230.0,230.0,0,,0.0,0.8566108007448789,agent,,HC,1,,144,0.0,0.0
,3,,,,0,,HIGH,NEW,HIGH,5730.2,230.0,230.0,0,,0.0,0.8566108007448789,agent,,TEU,2,,144,0.0,0.0
,0,16,8,0.6666666666666666,1,2,HIGH,NEW,HIGH,5804.91,228.0,230.0,1,,5400.0,0.8598130841121495,agent,2,FEU,1,,145,5400.0,5400.0
,0,11,9,0.55,0,2,HIGH,RECURRING,HIGH,4911.14,228.0,228.0,1,,5400.0,0.8531337698783911,agent,2,FEU,1,,146,5400.0,0.0
,1,,,,0,,LOW,RECURRING,HIGH,6485.04,228.0,228.0,0,,0.0,0.8531337698783911,agent,,TEU,2,,146,0.0,0.0
,2,,,,0,,LOW,NEW,HIGH,9031.32,228.0,228.0,0,,0.0,0.8531337698783911,agent,,TEU,1,,146,0.0,0.0
,2,,,,0,,LOW,NEW,HIGH,9031.32,228.0,228.0,0,,0.0,0.8531337698783911,agent,,FEU,1,,146,0.0,0.0
,3,,,,0,,LOW,RECURRING,HIGH,36587.71,228.0,228.0,0,,0.0,0.8531337698783911,agent,,TEU,3,,146,0.0,0.0
,3,,,,0,,LOW,RECURRING,HIGH,36587.71,228.0,228.0,0,,0.0,0.8531337698783911,agent,,FEU,1,,146,0.0,0.0
,3,,,,0,,LOW,RECURRING,HIGH,36587.71,228.0,228.0,0,,0.0,0.8531337698783911,agent,,HC,1,,146,0.0,0.0
,3,,,,0,,LOW,RECURRING,HIGH,36587.71,228.0,228.0,0,,0.0,0.8531337698783911,agent,,REEF,1,,146,0.0,0.0
,4,,,,0,,HIGH,RECURRING,HIGH,32814.88,228.0,228.0,0,,0.0,0.8531337698783911,agent,,TEU,1,,146,0.0,0.0
,4,,,,0,,HIGH,RECURRING,HIGH,32814.88,228.0,228.0,0,,0.0,0.8531337698783911,agent,,FEU,1,,146,0.0,0.0
,4,,,,0,,HIGH,RECURRING,HIGH,32814.88,228.0,228.0,0,,0.0,0.8531337698783911,agent,,REEF,3,,146,0.0,0.0
,0,,,,0,,LOW,RECURRING,HIGH,18922.15,228.0,228.0,0,,0.0,0.8571428571428571,agent,,TEU,1,,147,0.0,0.0
,0,,,,0,,LOW,RECURRING,HIGH,18922.15,228.0,228.0,0,,0.0,0.8571428571428571,agent,,FEU,1,,147,0.0,0.0
,0,,,,0,,LOW,RECURRING,HIGH,18922.15,228.0,228.0,0,,0.0,0.8571428571428571,agent,,REEF,1,,147,0.0,0.0
,1,16,8,0.6666666666666666,1,2,HIGH,NEW,HIGH,37167.78,220.0,228.0,1,,3000.0,0.8571428571428571,agent,2,TEU,2,,147,30960.0,30960.0
,1,16,8,0.6666666666666666,1,2,HIGH,NEW,HIGH,37167.78,220.0,228.0,1,,5760.0,0.8571428571428571,agent,2,HC,1,,147,30960.0,30960.0
,1,16,8,0.6666666666666666,1,2,HIGH,NEW,HIGH,37167.78,220.0,228.0,1,,9600.0,0.8571428571428571,agent,2,REEF,2,,147,30960.0,30960.0
,2,,,,0,,HIGH,NEW,HIGH,24072.16,220.0,220.0,0,,0.0,0.8571428571428571,agent,,TEU,4,,147,0.0,0.0
,2,,,,0,,HIGH,NEW,HIGH,24072.16,220.0,220.0,0,,0.0,0.8571428571428571,agent,,FEU,1,,147,0.0,0.0
,2,,,,0,,HIGH,NEW,HIGH,24072.16,220.0,220.0,0,,0.0,0.8571428571428571,agent,,HC,1,,147,0.0,0.0
,3,,,,0,,HIGH,NEW,HIGH,5907.96,220.0,220.0,0,,0.0,0.8571428571428571,agent,,TEU,2,,147,0.0,0.0
,0,,,,0,,LOW,NEW,HIGH,26481.85,220.0,220.0,0,,0.0,0.8301886792452831,agent,,TEU,1,,148,0.0,0.0
,0,,,,0,,LOW,NEW,HIGH,26481.85,220.0,220.0,0,,0.0,0.8301886792452831,agent,,FEU,1,,148,0.0,0.0
,0,,,,0,,LOW,NEW,HIGH,26481.85,220.0,220.0,0,,0.0,0.8301886792452831,agent,,HC,1,,148,0.0,0.0
,0,,,,0,,LOW,NEW,HIGH,26481.85,220.0,220.0,0,,0.0,0.8301886792452831,agent,,REEF,1,,148,0.0,0.0
,1,11,9,0.55,0,2,HIGH,RECURRING,HIGH,10490.32,220.0,220.0,1,,3000.0,0.8301886792452831,agent,2,TEU,2,,148,11400.0,0.0
,1,11,9,0.55,0,2,HIGH,RECURRING,HIGH,10490.32,220.0,220.0,1,,5400.0,0.8301886792452831,agent,2,FEU,1,,148,11400.0,0.0
,2,,,,0,,HIGH,RECURRING,HIGH,6104.69,220.0,220.0,0,,0.0,0.8301886792452831,agent,,TEU,2,,148,0.0,0.0
,0,21,12,0.6363636363636364,1,2,LOW,NEW,HIGH,6648.02,218.0,220.0,1,,5400.0,0.8325449385052034,agent,2,FEU,1,,149,5400.0,5400.0
,1,,,,0,,HIGH,NEW,HIGH,10828.72,218.0,218.0,0,,0.0,0.8325449385052034,agent,,FEU,2,,149,0.0,0.0
,2,,,,0,,HIGH,RECURRING,HIGH,6434.33,218.0,218.0,0,,0.0,0.8325449385052034,agent,,TEU,2,,149,0.0,0.0
,3,,,,0,,LOW,NEW,HIGH,4696.07,218.0,218.0,0,,0.0,0.8325449385052034,agent,,FEU,1,,149,0.0,0.0
,0,11,10,0.5238095238095238,0,2,HIGH,RECURRING,HIGH,7217.51,218.0,218.0,1,,3000.0,0.8281101614434948,agent,2,TEU,1,,150,8400.0,0.0
,0,11,10,0.5238095238095238,0,2,HIGH,RECURRING,HIGH,7217.51,218.0,218.0,1,,5400.0,0.8281101614434948,agent,2,FEU,1,,150,8400.0,0.0
,1,,,,0,,LOW,NEW,HIGH,19612.89,218.0,218.0,0,,0.0,0.8281101614434948,agent,,FEU,1,,150,0.0,0.0
,1,,,,0,,LOW,NEW,HIGH,19612.89,218.0,218.0,0,,0.0,0.8281101614434948,agent,,HC,3,,150,0.0,0.0
,2,18,10,0.6428571428571429,1,2,LOW,RECURRING,HIGH,3702.31,217.0,218.0,1,,3000.0,0.8281101614434948,agent,2,TEU,1,,150,3000.0,3000.0
,0,,,,0,,LOW,NEW,HIGH,2977.75,217.0,217.0,0,,0.0,0.8266666666666667,agent,,TEU,1,,151,0.0,0.0
,1,,,,0,,LOW,RECURRING,HIGH,10427.69,217.0,217.0,0,,0.0,0.8266666666666667,agent,,TEU,2,,151,0.0,0.0
,1,,,,0,,LOW,RECURRING,HIGH,10427.69,217.0,217.0,0,,0.0,0.8266666666666667,agent,,HC,1,,151,0.0,0.0
,2,,,,0,,HIGH,NEW,HIGH,10362.62,217.0,217.0,0,,0.0,0.8266666666666667,agent,,TEU,3,,151,0.0,0.0
,3,,,,0,,HIGH,NEW,HIGH,12280.9,217.0,217.0,0,,0.0,0.8266666666666667,agent,,TEU,1,,151,0.0,0.0
,3,,,,0,,HIGH,NEW,HIGH,12280.9,217.0,217.0,0,,0.0,0.8266666666666667,agent,,FEU,1,,151,0.0,0.0
,3,,,,0,,HIGH,NEW,HIGH,12280.9,217.0,217.0,0,,0.0,0.8266666666666667,agent,,HC,1,,151,0.0,0.0
,4,,,,0,,HIGH,NEW,HIGH,2648.41,217.0,217.0,0,,0.0,0.8266666666666667,agent,,TEU,1,,151,0.0,0.0
,5,,,,0,,LOW,NEW,HIGH,3508.46,217.0,217.0,0,,0.0,0.8266666666666667,agent,,TEU,1,,151,0.0,0.0
,0,,,,0,,HIGH,NEW,HIGH,5286.66,217.0,217.0,0,,0.0,0.8314176245210728,agent,,HC,1,,152,0.0,0.0
,1,,,,0,,LOW,NEW,HIGH,19172.04,217.0,217.0,0,,0.0,0.8314176245210728,agent,,TEU,3,,152,0.0,0.0
,1,,,,0,,LOW,NEW,HIGH,19172.04,217.0,217.0,0,,0.0,0.8314176245210728,agent,,FEU,2,,152,0.0,0.0
,2,,,,0,,LOW,RECURRING,HIGH,5044.36,217.0,217.0,0,,0.0,0.8314176245210728,agent,,FEU,1,,152,0.0,0.0
,0,,,,0,,LOW,RECURRING,HIGH,10073.4,217.0,217.0,0,,0.0,0.8338136407300673,agent,,TEU,1,,153,0.0,0.0
,0,,,,0,,LOW,RECURRING,HIGH,10073.4,217.0,217.0,0,,0.0,0.8338136407300673,agent,,HC,1,,153,0.0,0.0
,1,18,10,0.6428571428571429,0,2,LOW,RECURRING,HIGH,36401.88,217.0,217.0,1,,3000.0,0.8338136407300673,agent,2,TEU,2,,153,36720.0,0.0
,1,18,10,0.6428571428571429,0,2,LOW,RECURRING,HIGH,36401.88,217.0,217.0,1,,5760.0,0.8338136407300673,agent,2,HC,2,,153,36720.0,0.0
,1,18,10,0.6428571428571429,0,2,LOW,RECURRING,HIGH,36401.88,217.0,217.0,1,,9600.0,0.8338136407300673,agent,2,REEF,2,,153,36720.0,0.0
,0,,,,0,,HIGH,NEW,HIGH,5628.15,217.0,217.0,0,,0.0,0.8354186717998076,agent,,FEU,1,,154,0.0,0.0
,1,,,,0,,HIGH,NEW,HIGH,18657.09,217.0,217.0,0,,0.0,0.8354186717998076,agent,,FEU,1,,154,0.0,0.0
,1,,,,0,,HIGH,NEW,HIGH,18657.09,217.0,217.0,0,,0.0,0.8354186717998076,agent,,HC,2,,154,0.0,0.0
,2,18,8,0.6923076923076923,1,2,HIGH,NEW,HIGH,3154.95,216.0,217.0,1,,3000.0,0.8354186717998076,agent,2,TEU,1,,154,3000.0,3000.0
,3,22,12,0.6470588235294118,1,2,LOW,NEW,HIGH,25257.74,210.0,216.0,1,,5400.0,0.8354186717998076,agent,2,FEU,2,,154,20400.0,20400.0
,3,22,12,0.6470588235294118,1,2,LOW,NEW,HIGH,25257.74,210.0,216.0,1,,9600.0,0.8354186717998076,agent,2,REEF,1,,154,20400.0,20400.0
,4,,,,0,,LOW,NEW,HIGH,24291.27,210.0,210.0,0,,0.0,0.8354186717998076,agent,,FEU,2,,154,0.0,0.0
,4,,,,0,,LOW,NEW,HIGH,24291.27,210.0,210.0,0,,0.0,0.8354186717998076,agent,,REEF,1,,154,0.0,0.0
,5,11,12,0.4782608695652174,1,2,HIGH,RECURRING,HIGH,11757.97,208.0,210.0,1,,9600.0,0.8354186717998076,agent,2,REEF,1,,154,9600.0,9600.0
,0,,,,0,,LOW,NEW,HIGH,14188.01,208.0,208.0,0,,0.0,0.8054211035818006,agent,,TEU,1,,155,0.0,0.0
,0,,,,0,,LOW,NEW,HIGH,14188.01,208.0,208.0,0,,0.0,0.8054211035818006,agent,,FEU,2,,155,0.0,0.0
,1,,,,0,,LOW,RECURRING,HIGH,11678.27,208.0,208.0,0,,0.0,0.8054211035818006,agent,,FEU,2,,155,0.0,0.0
,2,,,,0,,HIGH,NEW,HIGH,20392.23,208.0,208.0,0,,0.0,0.8054211035818006,agent,,TEU,2,,155,0.0,0.0
,2,,,,0,,HIGH,NEW,HIGH,20392.23,208.0,208.0,0,,0.0,0.8054211035818006,agent,,FEU,1,,155,0.0,0.0
,2,,,,0,,HIGH,NEW,HIGH,20392.23,208.0,208.0,0,,0.0,0.8054211035818006,agent,,HC,1,,155,0.0,0.0
,0,,,,0,,LOW,NEW,HIGH,5968.21,208.0,208.0,0,,0.0,0.8077669902912621,agent,,FEU,1,,156,0.0,0.0
,1,,,,0,,HIGH,NEW,HIGH,15859.16,208.0,208.0,0,,0.0,0.8077669902912621,agent,,TEU,1,,156,0.0,0.0
,1,,,,0,,HIGH,NEW,HIGH,15859.16,208.0,208.0,0,,0.0,0.8077669902912621,agent,,FEU,2,,156,0.0,0.0
,2,,,,0,,LOW,RECURRING,HIGH,10044.04,208.0,208.0,0,,0.0,0.8077669902912621,agent,,TEU,1,,156,0.0,0.0
,2,,,,0,,LOW,RECURRING,HIGH,10044.04,208.0,208.0,0,,0.0,0.8077669902912621,agent,,HC,1,,156,0.0,0.0
,0,,,,0,,LOW,NEW,HIGH,11160.02,208.0,208.0,0,,0.0,0.810126582278481,agent,,FEU,2,,157,0.0,0.0
,1,,,,0,,LOW,RECURRING,HIGH,20407.78,208.0,208.0,0,,0.0,0.810126582278481,agent,,TEU,2,,157,0.0,0.0
,1,,,,0,,LOW,RECURRING,HIGH,20407.78,208.0,208.0,0,,0.0,0.810126582278481,agent,,FEU,1,,157,0.0,0.0
,1,,,,0,,LOW,RECURRING,HIGH,20407.78,208.0,208.0,0,,0.0,0.810126582278481,agent,,REEF,1,,157,0.0,0.0
,2,19,11,0.6333333333333333,1,2,LOW,RECURRING,HIGH,32078.52,199.0,208.0,1,,3000.0,0.810126582278481,agent,2,TEU,1,,157,25680.0,25680.0
,2,19,11,0.6333333333333333,1,2,LOW,RECURRING,HIGH,32078.52,199.0,208.0,1,,5400.0,0.810126582278481,agent,2,FEU,1,,157,25680.0,25680.0
,2,19,11,0.6333333333333333,1,2,LOW,RECURRING,HIGH,32078.52,199.0,208.0,1,,5760.0,0.810126582278481,agent,2,HC,3,,157,25680.0,25680.0
,3,,,,0,,HIGH,RECURRING,HIGH,13439.8,199.0,199.0,0,,0.0,0.810126582278481,agent,,FEU,1,,157,0.0,0.0
,3,,,,0,,HIGH,RECURRING,HIGH,13439.8,199.0,199.0,0,,0.0,0.810126582278481,agent,,HC,1,,157,0.0,0.0
,4,,,,0,,HIGH,RECURRING,HIGH,12970.75,199.0,199.0,0,,0.0,0.810126582278481,agent,,FEU,1,,157,0.0,0.0
,4,,,,0,,HIGH,RECURRING,HIGH,12970.75,199.0,199.0,0,,0.0,0.810126582278481,agent,,REEF,1,,157,0.0,0.0
,5,,,,0,,LOW,RECURRING,HIGH,6805.63,199.0,199.0,0,,0.0,0.810126582278481,agent,,HC,1,,157,0.0,0.0
,0,,,,0,,HIGH,NEW,HIGH,9581.54,199.0,199.0,0,,0.0,0.7796278158667973,agent,,TEU,3,,158,0.0,0.0
,1,,,,0,,LOW,NEW,HIGH,9257.82,199.0,199.0,0,,0.0,0.7796278158667973,agent,,TEU,3,,158,0.0,0.0
,2,,,,0,,LOW,NEW,HIGH,2571.99,199.0,199.0,0,,0.0,0.7796278158667973,agent,,TEU,1,,158,0.0,0.0
,0,,,,0,,HIGH,RECURRING,HIGH,8839.6,199.0,199.0,0,,0.0,0.7819253438113949,agent,,TEU,1,,159,0.0,0.0
,0,,,,0,,HIGH,RECURRING,HIGH,8839.6,199.0,199.0,0,,0.0,0.7819253438113949,agent,,FEU,1,,159,0.0,0.0
,0,,,,0,,LOW,NEW,HIGH,5017.95,199.0,199.0,0,,0.0,0.7826941986234022,agent,,TEU,2,,160,0.0,0.0
,1,,,,0,,LOW,RECURRING,HIGH,16066.82,199.0,199.0,0,,0.0,0.7826941986234022,agent,,TEU,1,,160,0.0,0.0
,1,,,,0,,LOW,RECURRING,HIGH,16066.82,199.0,199.0,0,,0.0,0.7826941986234022,agent,,FEU,2,,160,0.0,0.0
,2,,,,0,,LOW,RECURRING,HIGH,17130.62,199.0,199.0,0,,0.0,0.7826941986234022,agent,,TEU,3,,160,0.0,0.0
,2,,,,0,,LOW,RECURRING,HIGH,17130.62,199.0,199.0,0,,0.0,0.7826941986234022,agent,,HC,1,,160,0.0,0.0
,3,,,,0,,HIGH,NEW,HIGH,17008.34,199.0,199.0,0,,0.0,0.7826941986234022,agent,,TEU,2,,160,0.0,0.0
,3,,,,0,,HIGH,NEW,HIGH,17008.34,199.0,199.0,0,,0.0,0.7826941986234022,agent,,HC,2,,160,0.0,0.0
,4,,,,0,,HIGH,RECURRING,HIGH,13111.73,199.0,199.0,0,,0.0,0.7826941986234022,agent,,TEU,1,,160,0.0,0.0
,4,,,,0,,HIGH,RECURRING,HIGH,13111.73,199.0,199.0,0,,0.0,0.7826941986234022,agent,,FEU,2,,160,0.0,0.0
,0,,,,0,,LOW,NEW,HIGH,4794.92,199.0,199.0,0,,0.0,0.7865612648221344,agent,,FEU,1,,161,0.0,0.0
,1,,,,0,,LOW,RECURRING,HIGH,7309.47,199.0,199.0,0,,0.0,0.7865612648221344,agent,,TEU,1,,161,0.0,0.0
,1,,,,0,,LOW,RECURRING,HIGH,7309.47,199.0,199.0,0,,0.0,0.7865612648221344,agent,,FEU,1,,161,0.0,0.0
,2,,,,0,,HIGH,NEW,HIGH,12643.82,199.0,199.0,0,,0.0,0.7865612648221344,agent,,TEU,2,,161,0.0,0.0
,2,,,,0,,HIGH,NEW,HIGH,12643.82,199.0,199.0,0,,0.0,0.7865612648221344,agent,,FEU,1,,161,0.0,0.0
,3,,,,0,,LOW,NEW,HIGH,13983.59,199.0,199.0,0,,0.0,0.7865612648221344,agent,,TEU,1,,161,0.0,0.0
,3,,,,0,,LOW,NEW,HIGH,13983.59,199.0,199.0,0,,0.0,0.7865612648221344,agent,,FEU,2,,161,0.0,0.0
,0,,,,0,,LOW,NEW,HIGH,3053.21,199.0,199.0,0,,0.0,0.7896825396825397,agent,,TEU,1,,162,0.0,0.0
,1,,,,0,,LOW,RECURRING,HIGH,10987.93,199.0,199.0,0,,0.0,0.7896825396825397,agent,,TEU,2,,162,0.0,0.0
,1,,,,0,,LOW,RECURRING,HIGH,10987.93,199.0,199.0,0,,0.0,0.7896825396825397,agent,,HC,1,,162,0.0,0.0
,2,12,12,0.5,0,2,HIGH,RECURRING,HIGH,17839.82,199.0,199.0,1,,3000.0,0.7896825396825397,agent,2,TEU,1,,162,18000.0,0.0
,2,12,12,0.5,0,2,HIGH,RECURRING,HIGH,17839.82,199.0,199.0,1,,5400.0,0.7896825396825397,agent,2,FEU,1,,162,18000.0,0.0
,2,12,12,0.5,0,2,HIGH,RECURRING,HIGH,17839.82,199.0,199.0,1,,9600.0,0.7896825396825397,agent,2,REEF,1,,162,18000.0,0.0
,3,,,,0,,LOW,NEW,HIGH,8504.19,199.0,199.0,0,,0.0,0.7896825396825397,agent,,TEU,1,,162,0.0,0.0
,3,,,,0,,LOW,NEW,HIGH,8504.19,199.0,199.0,0,,0.0,0.7896825396825397,agent,,HC,1,,162,0.0,0.0
,0,,,,0,,LOW,RECURRING,HIGH,2575.28,199.0,199.0,0,,0.0,0.7928286852589641,agent,,TEU,1,,163,0.0,0.0
,1,23,12,0.6571428571428571,0,2,LOW,NEW,HIGH,5305.11,199.0,199.0,1,,5400.0,0.7928286852589641,agent,2,FEU,1,,163,5400.0,0.0
,2,,,,0,,LOW,NEW,HIGH,12759.27,199.0,199.0,0,,0.0,0.7928286852589641,agent,,FEU,1,,163,0.0,0.0
,2,,,,0,,LOW,NEW,HIGH,12759.27,199.0,199.0,0,,0.0,0.7928286852589641,agent,,HC,1,,163,0.0,0.0
,3,,,,0,,LOW,NEW,HIGH,20863.98,199.0,199.0,0,,0.0,0.7928286852589641,agent,,TEU,2,,163,0.0,0.0
,3,,,,0,,LOW,NEW,HIGH,20863.98,199.0,199.0,0,,0.0,0.7928286852589641,agent,,FEU,3,,163,0.0,0.0
,4,,,,0,,LOW,RECURRING,HIGH,14151.87,199.0,199.0,0,,0.0,0.7928286852589641,agent,,HC,2,,163,0.0,0.0
,0,,,,0,,LOW,NEW,HIGH,17209.94,199.0,199.0,0,,0.0,0.7967967967967968,agent,,TEU,1,,164,0.0,0.0
,0,,,,0,,LOW,NEW,HIGH,17209.94,199.0,199.0,0,,0.0,0.7967967967967968,agent,,FEU,2,,164,0.0,0.0
,1,23,12,0.6571428571428571,0,2,LOW,NEW,HIGH,25245.35,199.0,199.0,1,,3000.0,0.7967967967967968,agent,2,TEU,4,,164,28920.0,0.0
,1,23,12,0.6571428571428571,0,2,LOW,NEW,HIGH,25245.35,199.0,199.0,1,,5400.0,0.7967967967967968,agent,2,FEU,1,,164,28920.0,0.0
,1,23,12,0.6571428571428571,0,2,LOW,NEW,HIGH,25245.35,199.0,199.0,1,,5760.0,0.7967967967967968,agent,2,HC,2,,164,28920.0,0.0
,2,23,12,0.6571428571428571,0,2,LOW,NEW,HIGH,12579.91,199.0,199.0,1,,3000.0,0.7967967967967968,agent,2,TEU,1,,164,14160.0,0.0
,2,23,12,0.6571428571428571,0,2,LOW,NEW,HIGH,12579.91,199.0,199.0,1,,5400.0,0.7967967967967968,agent,2,FEU,1,,164,14160.0,0.0
,2,23,12,0.6571428571428571,0,2,LOW,NEW,HIGH,12579.91,199.0,199.0,1,,5760.0,0.7967967967967968,agent,2,HC,1,,164,14160.0,0.0
,3,,,,0,,LOW,RECURRING,HIGH,16808.0,199.0,199.0,0,,0.0,0.7967967967967968,agent,,TEU,3,,164,0.0,0.0
,3,,,,0,,LOW,RECURRING,HIGH,16808.0,199.0,199.0,0,,0.0,0.7967967967967968,agent,,FEU,1,,164,0.0,0.0
,0,23,12,0.6571428571428571,1,2,LOW,NEW,HIGH,27695.46,193.0,199.0,1,,3000.0,0.8,agent,2,TEU,2,,165,25200.0,25200.0
,0,23,12,0.6571428571428571,1,2,LOW,NEW,HIGH,27695.46,193.0,199.0,1,,9600.0,0.8,agent,2,REEF,2,,165,25200.0,25200.0
,0,,,,0,,LOW,NEW,HIGH,19126.24,193.0,193.0,0,,0.0,0.7766599597585513,agent,,REEF,2,,166,0.0,0.0
,1,,,,0,,LOW,NEW,HIGH,5091.72,193.0,193.0,0,,0.0,0.7766599597585513,agent,,TEU,2,,166,0.0,0.0
,2,,,,0,,LOW,NEW,HIGH,6327.99,193.0,193.0,0,,0.0,0.7766599597585513,agent,,TEU,2,,166,0.0,0.0
,3,,,,0,,HIGH,RECURRING,HIGH,5590.16,193.0,193.0,0,,0.0,0.7766599597585513,agent,,FEU,1,,166,0.0,0.0
,4,19,8,0.7037037037037037,1,2,HIGH,NEW,HIGH,24494.91,185.0,193.0,1,,3000.0,0.7766599597585513,agent,2,TEU,2,,166,22560.0,22560.0
,4,19,8,0.7037037037037037,1,2,HIGH,NEW,HIGH,24494.91,185.0,193.0,1,,5400.0,0.7766599597585513,agent,2,FEU,2,,166,22560.0,22560.0
,4,19,8,0.7037037037037037,1,2,HIGH,NEW,HIGH,24494.91,185.0,193.0,1,,5760.0,0.7766599597585513,agent,2,HC,1,,166,22560.0,22560.0
,0,,,,0,,HIGH,RECURRING,HIGH,17705.1,185.0,185.0,0,,0.0,0.7482305358948432,agent,,TEU,2,,167,0.0,0.0
,0,,,,0,,HIGH,RECURRING,HIGH,17705.1,185.0,185.0,0,,0.0,0.7482305358948432,agent,,REEF,1,,167,0.0,0.0
,1,,,,0,,LOW,RECURRING,HIGH,18182.02,185.0,185.0,0,,0.0,0.7482305358948432,agent,,TEU,3,,167,0.0,0.0
,1,,,,0,,LOW,RECURRING,HIGH,18182.02,185.0,185.0,0,,0.0,0.7482305358948432,agent,,REEF,1,,167,0.0,0.0
,2,,,,0,,LOW,RECURRING,HIGH,5068.77,185.0,185.0,0,,0.0,0.7482305358948432,agent,,FEU,1,,167,0.0,0.0
,3,,,,0,,LOW,NEW,HIGH,29037.18,185.0,185.0,0,,0.0,0.7482305358948432,agent,,TEU,1,,167,0.0,0.0
,3,,,,0,,LOW,NEW,HIGH,29037.18,185.0,185.0,0,,0.0,0.7482305358948432,agent,,FEU,1,,167,0.0,0.0
,3,,,,0,,LOW,NEW,HIGH,29037.18,185.0,185.0,0,,0.0,0.7482305358948432,agent,,HC,1,,167,0.0,0.0
,3,,,,0,,LOW,NEW,HIGH,29037.18,185.0,185.0,0,,0.0,0.7482305358948432,agent,,REEF,1,,167,0.0,0.0
,0,24,15,0.6153846153846154,0,2,LOW,NEW,HIGH,2952.2,185.0,185.0,1,,3000.0,0.751269035532995,agent,2,TEU,1,,168,3000.0,0.0
,1,20,8,0.7142857142857143,0,2,HIGH,NEW,HIGH,19153.68,185.0,185.0,1,,3000.0,0.751269035532995,agent,2,TEU,3,,168,19800.0,0.0
,1,20,8,0.7142857142857143,0,2,HIGH,NEW,HIGH,19153.68,185.0,185.0,1,,5400.0,0.751269035532995,agent,2,FEU,2,,168,19800.0,0.0
,2,12,13,0.48,1,2,HIGH,RECURRING,HIGH,9064.41,182.0,185.0,1,,3000.0,0.751269035532995,agent,2,TEU,1,,168,8760.0,8760.0
,2,12,13,0.48,1,2,HIGH,RECURRING,HIGH,9064.41,182.0,185.0,1,,5760.0,0.751269035532995,agent,2,HC,1,,168,8760.0,8760.0
,0,,,,0,,LOW,RECURRING,HIGH,16916.39,182.0,182.0,0,,0.0,0.7413441955193483,agent,,TEU,3,,169,0.0,0.0
,0,,,,0,,LOW,RECURRING,HIGH,16916.39,182.0,182.0,0,,0.0,0.7413441955193483,agent,,FEU,1,,169,0.0,0.0
,1,,,,0,,HIGH,RECURRING,HIGH,17568.07,182.0,182.0,0,,0.0,0.7413441955193483,agent,,FEU,1,,169,0.0,0.0
,1,,,,0,,HIGH,RECURRING,HIGH,17568.07,182.0,182.0,0,,0.0,0.7413441955193483,agent,,REEF,1,,169,0.0,0.0
,0,20,11,0.6451612903225806,1,2,LOW,RECURRING,HIGH,15989.99,177.0,182.0,1,,3000.0,0.7428571428571429,agent,2,TEU,1,,170,13800.0,13800.0
,0,20,11,0.6451612903225806,1,2,LOW,RECURRING,HIGH,15989.99,177.0,182.0,1,,5400.0,0.7428571428571429,agent,2,FEU,2,,170,13800.0,13800.0
,0,,,,0,,LOW,RECURRING,HIGH,6238.96,177.0,177.0,0,,0.0,0.7231869254341164,agent,,FEU,1,,172,0.0,0.0
,1,,,,0,,LOW,RECURRING,HIGH,6469.08,177.0,177.0,0,,0.0,0.7231869254341164,agent,,TEU,2,,172,0.0,0.0
,2,,,,0,,LOW,NEW,HIGH,3502.02,177.0,177.0,0,,0.0,0.7231869254341164,agent,,TEU,1,,172,0.0,0.0
,3,,,,0,,LOW,NEW,HIGH,8193.68,177.0,177.0,0,,0.0,0.7231869254341164,agent,,REEF,1,,172,0.0,0.0
,0,21,11,0.65625,1,2,LOW,RECURRING,HIGH,12095.03,173.0,177.0,1,,3000.0,0.7261538461538461,agent,2,TEU,2,,173,11400.0,11400.0
,0,21,11,0.65625,1,2,LOW,RECURRING,HIGH,12095.03,173.0,177.0,1,,5400.0,0.7261538461538461,agent,2,FEU,1,,173,11400.0,11400.0
,1,,,,0,,HIGH,NEW,HIGH,2575.24,173.0,173.0,0,,0.0,0.7261538461538461,agent,,TEU,1,,173,0.0,0.0
,2,,,,0,,HIGH,RECURRING,HIGH,16247.51,173.0,173.0,0,,0.0,0.7261538461538461,agent,,TEU,1,,173,0.0,0.0
,2,,,,0,,HIGH,RECURRING,HIGH,16247.51,173.0,173.0,0,,0.0,0.7261538461538461,agent,,HC,2,,173,0.0,0.0
,0,,,,0,,HIGH,NEW,HIGH,18480.34,173.0,173.0,0,,0.0,0.7119341563786008,agent,,FEU,1,,174,0.0,0.0
,0,,,,0,,HIGH,NEW,HIGH,18480.34,173.0,173.0,0,,0.0,0.7119341563786008,agent,,REEF,1,,174,0.0,0.0
,0,,,,0,,LOW,RECURRING,HIGH,17297.21,173.0,173.0,0,,0.0,0.7126673532440783,agent,,TEU,1,,175,0.0,0.0
,0,,,,0,,LOW,RECURRING,HIGH,17297.21,173.0,173.0,0,,0.0,0.7126673532440783,agent,,FEU,1,,175,0.0,0.0
,0,,,,0,,LOW,RECURRING,HIGH,17297.21,173.0,173.0,0,,0.0,0.7126673532440783,agent,,HC,1,,175,0.0,0.0
,0,,,,0,,HIGH,NEW,HIGH,13607.5,173.0,173.0,0,,0.0,0.7134020618556701,agent,,TEU,1,,176,0.0,0.0
,0,,,,0,,HIGH,NEW,HIGH,13607.5,173.0,173.0,0,,0.0,0.7134020618556701,agent,,HC,2,,176,0.0,0.0
,1,,,,0,,LOW,NEW,HIGH,30009.37,173.0,173.0,0,,0.0,0.7134020618556701,agent,,TEU,5,,176,0.0,0.0
,1,,,,0,,LOW,NEW,HIGH,30009.37,173.0,173.0,0,,0.0,0.7134020618556701,agent,,REEF,1,,176,0.0,0.0
,2,,,,0,,HIGH,NEW,HIGH,23039.0,173.0,173.0,0,,0.0,0.7134020618556701,agent,,TEU,2,,176,0.0,0.0
,2,,,,0,,HIGH,NEW,HIGH,23039.0,173.0,173.0,0,,0.0,0.7134020618556701,agent,,FEU,1,,176,0.0,0.0
,2,,,,0,,HIGH,NEW,HIGH,23039.0,173.0,173.0,0,,0.0,0.7134020618556701,agent,,REEF,1,,176,0.0,0.0
,3,,,,0,,HIGH,NEW,HIGH,5431.96,173.0,173.0,0,,0.0,0.7134020618556701,agent,,FEU,1,,176,0.0,0.0
,4,,,,0,,HIGH,NEW,HIGH,14898.79,173.0,173.0,0,,0.0,0.7134020618556701,agent,,TEU,1,,176,0.0,0.0
,4,,,,0,,HIGH,NEW,HIGH,14898.79,173.0,173.0,0,,0.0,0.7134020618556701,agent,,FEU,1,,176,0.0,0.0
,4,,,,0,,HIGH,NEW,HIGH,14898.79,173.0,173.0,0,,0.0,0.7134020618556701,agent,,HC,1,,176,0.0,0.0
,5,,,,0,,LOW,NEW,HIGH,14786.89,173.0,173.0,0,,0.0,0.7134020618556701,agent,,TEU,4,,176,0.0,0.0
,0,,,,0,,HIGH,NEW,HIGH,9901.07,173.0,173.0,0,,0.0,0.7178423236514523,agent,,TEU,1,,177,0.0,0.0
,0,,,,0,,HIGH,NEW,HIGH,9901.07,173.0,173.0,0,,0.0,0.7178423236514523,agent,,FEU,1,,177,0.0,0.0
,1,,,,0,,LOW,RECURRING,HIGH,6353.51,173.0,173.0,0,,0.0,0.7178423236514523,agent,,HC,1,,177,0.0,0.0
,2,,,,0,,LOW,RECURRING,HIGH,18264.93,173.0,173.0,0,,0.0,0.7178423236514523,agent,,TEU,3,,177,0.0,0.0
,2,,,,0,,LOW,RECURRING,HIGH,18264.93,173.0,173.0,0,,0.0,0.7178423236514523,agent,,HC,1,,177,0.0,0.0
,3,,,,0,,LOW,NEW,HIGH,2834.01,173.0,173.0,0,,0.0,0.7178423236514523,agent,,TEU,1,,177,0.0,0.0
,4,,,,0,,LOW,RECURRING,HIGH,2997.01,173.0,173.0,0,,0.0,0.7178423236514523,agent,,TEU,1,,177,0.0,0.0
,0,24,16,0.6,1,2,LOW,NEW,HIGH,6749.73,171.0,173.0,1,,3000.0,0.721584984358707,agent,2,TEU,2,,178,6000.0,6000.0
,1,,,,0,,HIGH,NEW,HIGH,14279.74,171.0,171.0,0,,0.0,0.721584984358707,agent,,FEU,1,,178,0.0,0.0
,1,,,,0,,HIGH,NEW,HIGH,14279.74,171.0,171.0,0,,0.0,0.721584984358707,agent,,REEF,1,,178,0.0,0.0
,2,20,9,0.6896551724137931,1,2,HIGH,NEW,HIGH,15318.05,166.0,171.0,1,,3000.0,0.721584984358707,agent,2,TEU,3,,178,14400.0,14400.0
,2,20,9,0.6896551724137931,1,2,HIGH,NEW,HIGH,15318.05,166.0,171.0,1,,5400.0,0.721584984358707,agent,2,FEU,1,,178,14400.0,14400.0
,3,,,,0,,HIGH,RECURRING,HIGH,17012.26,166.0,166.0,0,,0.0,0.721584984358707,agent,,TEU,1,,178,0.0,0.0
,3,,,,0,,HIGH,RECURRING,HIGH,17012.26,166.0,166.0,0,,0.0,0.721584984358707,agent,,FEU,2,,178,0.0,0.0
,4,,,,0,,LOW,RECURRING,HIGH,6162.81,166.0,166.0,0,,0.0,0.721584984358707,agent,,FEU,1,,178,0.0,0.0
,5,,,,0,,HIGH,RECURRING,HIGH,13935.92,166.0,166.0,0,,0.0,0.721584984358707,agent,,TEU,1,,178,0.0,0.0
,5,,,,0,,HIGH,RECURRING,HIGH,13935.92,166.0,166.0,0,,0.0,0.721584984358707,agent,,FEU,2,,178,0.0,0.0
,0,13,13,0.5,1,2,HIGH,RECURRING,HIGH,13553.12,163.0,166.0,1,,3000.0,0.6967471143756558,agent,2,TEU,1,,179,12600.0,12600.0
,0,13,13,0.5,1,2,HIGH,RECURRING,HIGH,13553.12,163.0,166.0,1,,9600.0,0.6967471143756558,agent,2,REEF,1,,179,12600.0,12600.0
,0,,,,0,,HIGH,NEW,HIGH,5425.51,163.0,163.0,0,,0.0,0.6848739495798319,agent,,HC,1,,180,0.0,0.0
,0,,,,0,,LOW,NEW,HIGH,22603.36,163.0,163.0,0,,0.0,0.6855941114616193,agent,,TEU,1,,181,0.0,0.0
,0,,,,0,,LOW,NEW,HIGH,22603.36,163.0,163.0,0,,0.0,0.6855941114616193,agent,,FEU,1,,181,0.0,0.0
,0,,,,0,,LOW,NEW,HIGH,22603.36,163.0,163.0,0,,0.0,0.6855941114616193,agent,,HC,1,,181,0.0,0.0
,0,,,,0,,LOW,NEW,HIGH,22603.36,163.0,163.0,0,,0.0,0.6855941114616193,agent,,REEF,1,,181,0.0,0.0
,1,22,11,0.6666666666666666,0,2,LOW,RECURRING,HIGH,2509.11,163.0,163.0,1,,3000.0,0.6855941114616193,agent,2,TEU,1,,181,3000.0,0.0
,2,,,,0,,LOW,NEW,HIGH,3162.34,163.0,163.0,0,,0.0,0.6855941114616193,agent,,TEU,1,,181,0.0,0.0
,0,,,,0,,LOW,NEW,HIGH,6301.09,163.0,163.0,0,,0.0,0.6877637130801688,agent,,FEU,1,,182,0.0,0.0
,1,,,,0,,LOW,RECURRING,HIGH,2875.52,163.0,163.0,0,,0.0,0.6877637130801688,agent,,TEU,1,,182,0.0,0.0
,2,,,,0,,LOW,RECURRING,HIGH,2975.66,163.0,163.0,0,,0.0,0.6877637130801688,agent,,TEU,1,,182,0.0,0.0
,0,,,,0,,HIGH,NEW,HIGH,18601.52,163.0,163.0,0,,0.0,0.68994708994709,agent,,TEU,2,,183,0.0,0.0
,0,,,,0,,HIGH,NEW,HIGH,18601.52,163.0,163.0,0,,0.0,0.68994708994709,agent,,FEU,1,,183,0.0,0.0
,0,,,,0,,HIGH,NEW,HIGH,18601.52,163.0,163.0,0,,0.0,0.68994708994709,agent,,HC,1,,183,0.0,0.0
,1,,,,0,,LOW,NEW,HIGH,5219.91,163.0,163.0,0,,0.0,0.68994708994709,agent,,TEU,2,,183,0.0,0.0
,2,,,,0,,LOW,NEW,HIGH,19296.06,163.0,163.0,0,,0.0,0.68994708994709,agent,,FEU,3,,183,0.0,0.0
,3,,,,0,,LOW,RECURRING,HIGH,20247.31,163.0,163.0,0,,0.0,0.68994708994709,agent,,FEU,3,,183,0.0,0.0
,4,,,,0,,HIGH,RECURRING,HIGH,28165.9,163.0,163.0,0,,0.0,0.68994708994709,agent,,FEU,2,,183,0.0,0.0
,4,,,,0,,HIGH,RECURRING,HIGH,28165.9,163.0,163.0,0,,0.0,0.68994708994709,agent,,HC,1,,183,0.0,0.0
,4,,,,0,,HIGH,RECURRING,HIGH,28165.9,163.0,163.0,0,,0.0,0.68994708994709,agent,,REEF,1,,183,0.0,0.0
,5,,,,0,,LOW,NEW,HIGH,18944.05,163.0,163.0,0,,0.0,0.68994708994709,agent,,TEU,1,,183,0.0,0.0
,5,,,,0,,LOW,NEW,HIGH,18944.05,163.0,163.0,0,,0.0,0.68994708994709,agent,,HC,1,,183,0.0,0.0
,5,,,,0,,LOW,NEW,HIGH,18944.05,163.0,163.0,0,,0.0,0.68994708994709,agent,,REEF,1,,183,0.0,0.0
,6,,,,0,,LOW,NEW,HIGH,17959.71,163.0,163.0,0,,0.0,0.68994708994709,agent,,TEU,3,,183,0.0,0.0
,6,,,,0,,LOW,NEW,HIGH,17959.71,163.0,163.0,0,,0.0,0.68994708994709,agent,,FEU,1,,183,0.0,0.0
,0,,,,0,,HIGH,NEW,HIGH,2568.49,163.0,163.0,0,,0.0,0.6950959488272921,agent,,TEU,1,,184,0.0,0.0
,1,,,,0,,LOW,NEW,HIGH,10772.19,163.0,163.0,0,,0.0,0.6950959488272921,agent,,TEU,3,,184,0.0,0.0
,2,25,16,0.6097560975609756,1,2,LOW,NEW,HIGH,3653.96,162.0,163.0,1,,3000.0,0.6950959488272921,agent,2,TEU,1,,184,3000.0,3000.0
,3,,,,0,,HIGH,NEW,HIGH,3638.1,162.0,162.0,0,,0.0,0.6950959488272921,agent,,TEU,1,,184,0.0,0.0
,0,,,,0,,HIGH,NEW,HIGH,16071.23,162.0,162.0,0,,0.0,0.6937901498929336,agent,,TEU,1,,185,0.0,0.0
,0,,,,0,,HIGH,NEW,HIGH,16071.23,162.0,162.0,0,,0.0,0.6937901498929336,agent,,HC,1,,185,0.0,0.0
,0,,,,0,,HIGH,NEW,HIGH,16071.23,162.0,162.0,0,,0.0,0.6937901498929336,agent,,REEF,1,,185,0.0,0.0
,0,,,,0,,LOW,RECURRING,HIGH,9301.13,162.0,162.0,0,,0.0,0.6945337620578779,agent,,FEU,1,,186,0.0,0.0
,0,,,,0,,LOW,RECURRING,HIGH,9301.13,162.0,162.0,0,,0.0,0.6945337620578779,agent,,HC,1,,186,0.0,0.0
,1,,,,0,,LOW,NEW,HIGH,19185.42,162.0,162.0,0,,0.0,0.6945337620578779,agent,,TEU,3,,186,0.0,0.0
,1,,,,0,,LOW,NEW,HIGH,19185.42,162.0,162.0,0,,0.0,0.6945337620578779,agent,,FEU,1,,186,0.0,0.0
,1,,,,0,,LOW,NEW,HIGH,19185.42,162.0,162.0,0,,0.0,0.6945337620578779,agent,,HC,1,,186,0.0,0.0
,0,,,,0,,HIGH,NEW,HIGH,8841.61,162.0,162.0,0,,0.0,0.6960257787325457,agent,,TEU,1,,187,0.0,0.0
,0,,,,0,,HIGH,NEW,HIGH,8841.61,162.0,162.0,0,,0.0,0.6960257787325457,agent,,FEU,1,,187,0.0,0.0
,1,,,,0,,LOW,RECURRING,HIGH,3562.33,162.0,162.0,0,,0.0,0.6960257787325457,agent,,TEU,1,,187,0.0,0.0
,2,,,,0,,HIGH,NEW,HIGH,5140.91,162.0,162.0,0,,0.0,0.6960257787325457,agent,,TEU,2,,187,0.0,0.0
,3,,,,0,,LOW,RECURRING,HIGH,29491.7,162.0,162.0,0,,0.0,0.6960257787325457,agent,,TEU,2,,187,0.0,0.0
,3,,,,0,,LOW,RECURRING,HIGH,29491.7,162.0,162.0,0,,0.0,0.6960257787325457,agent,,HC,2,,187,0.0,0.0
,3,,,,0,,LOW,RECURRING,HIGH,29491.7,162.0,162.0,0,,0.0,0.6960257787325457,agent,,REEF,1,,187,0.0,0.0
,4,,,,0,,HIGH,NEW,HIGH,4977.6,162.0,162.0,0,,0.0,0.6960257787325457,agent,,FEU,1,,187,0.0,0.0
,0,,,,0,,LOW,RECURRING,HIGH,10557.04,162.0,162.0,0,,0.0,0.6997840172786177,agent,,TEU,2,,188,0.0,0.0
,0,,,,0,,LOW,RECURRING,HIGH,10557.04,162.0,162.0,0,,0.0,0.6997840172786177,agent,,FEU,1,,188,0.0,0.0
,1,22,12,0.6470588235294118,0,2,LOW,RECURRING,HIGH,17487.12,162.0,162.0,1,,3000.0,0.6997840172786177,agent,2,TEU,2,,188,17520.0,0.0
,1,22,12,0.6470588235294118,0,2,LOW,RECURRING,HIGH,17487.12,162.0,162.0,1,,5760.0,0.6997840172786177,agent,2,HC,2,,188,17520.0,0.0
,2,,,,0,,LOW,NEW,HIGH,10717.21,162.0,162.0,0,,0.0,0.6997840172786177,agent,,TEU,2,,188,0.0,0.0
,2,,,,0,,LOW,NEW,HIGH,10717.21,162.0,162.0,0,,0.0,0.6997840172786177,agent,,HC,1,,188,0.0,0.0
,3,,,,0,,LOW,NEW,HIGH,23030.74,162.0,162.0,0,,0.0,0.6997840172786177,agent,,FEU,1,,188,0.0,0.0
,3,,,,0,,LOW,NEW,HIGH,23030.74,162.0,162.0,0,,0.0,0.6997840172786177,agent,,HC,1,,188,0.0,0.0
,3,,,,0,,LOW,NEW,HIGH,23030.74,162.0,162.0,0,,0.0,0.6997840172786177,agent,,REEF,1,,188,0.0,0.0
,4,14,13,0.5185185185185185,1,2,HIGH,RECURRING,HIGH,10434.55,159.0,162.0,1,,3000.0,0.6997840172786177,agent,2,TEU,1,,188,8400.0,8400.0
,4,14,13,0.5185185185185185,1,2,HIGH,RECURRING,HIGH,10434.55,159.0,162.0,1,,5400.0,0.6997840172786177,agent,2,FEU,1,,188,8400.0,8400.0
,0,,,,0,,HIGH,RECURRING,HIGH,12170.53,159.0,159.0,0,,0.0,0.6905537459283387,agent,,HC,2,,189,0.0,0.0
,1,,,,0,,LOW,NEW,HIGH,5465.32,159.0,159.0,0,,0.0,0.6905537459283387,agent,,FEU,1,,189,0.0,0.0
,2,,,,0,,LOW,RECURRING,HIGH,11143.64,159.0,159.0,0,,0.0,0.6905537459283387,agent,,TEU,1,,189,0.0,0.0
,2,,,,0,,LOW,RECURRING,HIGH,11143.64,159.0,159.0,0,,0.0,0.6905537459283387,agent,,REEF,1,,189,0.0,0.0
,0,,,,0,,LOW,RECURRING,HIGH,5098.89,159.0,159.0,0,,0.0,0.6928104575163399,agent,,FEU,1,,190,0.0,0.0
,1,,,,0,,LOW,NEW,HIGH,11243.53,159.0,159.0,0,,0.0,0.6928104575163399,agent,,FEU,2,,190,0.0,0.0
,2,,,,0,,LOW,RECURRING,HIGH,16294.69,159.0,159.0,0,,0.0,0.6928104575163399,agent,,TEU,1,,190,0.0,0.0
,2,,,,0,,LOW,RECURRING,HIGH,16294.69,159.0,159.0,0,,0.0,0.6928104575163399,agent,,FEU,1,,190,0.0,0.0
,2,,,,0,,LOW,RECURRING,HIGH,16294.69,159.0,159.0,0,,0.0,0.6928104575163399,agent,,HC,1,,190,0.0,0.0
,0,,,,0,,HIGH,RECURRING,HIGH,23593.25,159.0,159.0,0,,0.0,0.6950819672131148,agent,,TEU,3,,191,0.0,0.0
,0,,,,0,,HIGH,RECURRING,HIGH,23593.25,159.0,159.0,0,,0.0,0.6950819672131148,agent,,HC,3,,191,0.0,0.0
,1,,,,0,,LOW,RECURRING,HIGH,10091.13,159.0,159.0,0,,0.0,0.6950819672131148,agent,,TEU,1,,191,0.0,0.0
,1,,,,0,,LOW,RECURRING,HIGH,10091.13,159.0,159.0,0,,0.0,0.6950819672131148,agent,,FEU,1,,191,0.0,0.0
,0,,,,0,,LOW,RECURRING,HIGH,3469.93,159.0,159.0,0,,0.0,0.696604600219058,agent,,TEU,1,,192,0.0,0.0
,1,15,13,0.5357142857142857,1,2,HIGH,RECURRING,HIGH,6283.48,157.0,159.0,1,,5400.0,0.696604600219058,agent,2,FEU,1,,192,5400.0,5400.0
,2,,,,0,,LOW,RECURRING,HIGH,12736.87,157.0,157.0,0,,0.0,0.696604600219058,agent,,TEU,2,,192,0.0,0.0
,2,,,,0,,LOW,RECURRING,HIGH,12736.87,157.0,157.0,0,,0.0,0.696604600219058,agent,,HC,1,,192,0.0,0.0
,0,,,,0,,HIGH,NEW,HIGH,8633.99,157.0,157.0,0,,0.0,0.6901098901098901,agent,,TEU,3,,193,0.0,0.0
,1,21,9,0.7,0,2,HIGH,NEW,HIGH,17263.14,157.0,157.0,1,,3000.0,0.6901098901098901,agent,2,TEU,1,,193,19560.0,0.0
,1,21,9,0.7,0,2,HIGH,NEW,HIGH,17263.14,157.0,157.0,1,,5400.0,0.6901098901098901,agent,2,FEU,2,,193,19560.0,0.0
,1,21,9,0.7,0,2,HIGH,NEW,HIGH,17263.14,157.0,157.0,1,,5760.0,0.6901098901098901,agent,2,HC,1,,193,19560.0,0.0
,2,,,,0,,HIGH,NEW,HIGH,12063.1,157.0,157.0,0,,0.0,0.6901098901098901,agent,,TEU,2,,193,0.0,0.0
,2,,,,0,,HIGH,NEW,HIGH,12063.1,157.0,157.0,0,,0.0,0.6901098901098901,agent,,HC,1,,193,0.0,0.0
,0,22,13,0.6285714285714286,0,2,LOW,RECURRING,HIGH,13172.26,157.0,157.0,1,,3000.0,0.6923925027563396,agent,2,TEU,3,,194,14400.0,0.0
,0,22,13,0.6285714285714286,0,2,LOW,RECURRING,HIGH,13172.26,157.0,157.0,1,,5400.0,0.6923925027563396,agent,2,FEU,1,,194,14400.0,0.0
,1,,,,0,,HIGH,NEW,HIGH,9067.78,157.0,157.0,0,,0.0,0.6923925027563396,agent,,FEU,2,,194,0.0,0.0
,2,,,,0,,HIGH,NEW,HIGH,9091.7,157.0,157.0,0,,0.0,0.6923925027563396,agent,,TEU,1,,194,0.0,0.0
,2,,,,0,,HIGH,NEW,HIGH,9091.7,157.0,157.0,0,,0.0,0.6923925027563396,agent,,FEU,1,,194,0.0,0.0
,3,,,,0,,LOW,RECURRING,HIGH,26523.49,157.0,157.0,0,,0.0,0.6923925027563396,agent,,TEU,3,,194,0.0,0.0
,3,,,,0,,LOW,RECURRING,HIGH,26523.49,157.0,157.0,0,,0.0,0.6923925027563396,agent,,FEU,1,,194,0.0,0.0
,3,,,,0,,LOW,RECURRING,HIGH,26523.49,157.0,157.0,0,,0.0,0.6923925027563396,agent,,REEF,1,,194,0.0,0.0
,4,,,,0,,HIGH,RECURRING,HIGH,7661.4,157.0,157.0,0,,0.0,0.6923925027563396,agent,,TEU,1,,194,0.0,0.0
,4,,,,0,,HIGH,RECURRING,HIGH,7661.4,157.0,157.0,0,,0.0,0.6923925027563396,agent,,HC,1,,194,0.0,0.0
,0,21,10,0.6774193548387096,1,2,HIGH,NEW,HIGH,12501.05,153.0,157.0,1,,3000.0,0.6962305986696231,agent,2,TEU,4,,195,12000.0,12000.0
,1,,,,0,,HIGH,NEW,HIGH,15319.07,153.0,153.0,0,,0.0,0.6962305986696231,agent,,TEU,1,,195,0.0,0.0
,1,,,,0,,HIGH,NEW,HIGH,15319.07,153.0,153.0,0,,0.0,0.6962305986696231,agent,,FEU,2,,195,0.0,0.0
,2,,,,0,,HIGH,NEW,HIGH,6585.12,153.0,153.0,0,,0.0,0.6962305986696231,agent,,HC,1,,195,0.0,0.0
,3,,,,0,,LOW,NEW,HIGH,5845.11,153.0,153.0,0,,0.0,0.6962305986696231,agent,,FEU,1,,195,0.0,0.0
,0,,,,0,,HIGH,NEW,HIGH,12407.91,153.0,153.0,0,,0.0,0.6815144766146993,agent,,FEU,2,,196,0.0,0.0
,1,,,,0,,LOW,RECURRING,HIGH,9559.04,153.0,153.0,0,,0.0,0.6815144766146993,agent,,TEU,1,,196,0.0,0.0
,1,,,,0,,LOW,RECURRING,HIGH,9559.04,153.0,153.0,0,,0.0,0.6815144766146993,agent,,FEU,1,,196,0.0,0.0
,2,,,,0,,LOW,NEW,HIGH,8876.64,153.0,153.0,0,,0.0,0.6815144766146993,agent,,TEU,1,,196,0.0,0.0
,2,,,,0,,LOW,NEW,HIGH,8876.64,153.0,153.0,0,,0.0,0.6815144766146993,agent,,FEU,1,,196,0.0,0.0
,0,,,,0,,LOW,NEW,HIGH,7388.45,153.0,153.0,0,,0.0,0.6837988826815642,agent,,TEU,1,,197,0.0,0.0
,0,,,,0,,LOW,NEW,HIGH,7388.45,153.0,153.0,0,,0.0,0.6837988826815642,agent,,FEU,1,,197,0.0,0.0
,1,,,,0,,HIGH,NEW,HIGH,22388.28,153.0,153.0,0,,0.0,0.6837988826815642,agent,,TEU,1,,197,0.0,0.0
,1,,,,0,,HIGH,NEW,HIGH,22388.28,153.0,153.0,0,,0.0,0.6837988826815642,agent,,FEU,2,,197,0.0,0.0
,1,,,,0,,HIGH,NEW,HIGH,22388.28,153.0,153.0,0,,0.0,0.6837988826815642,agent,,HC,1,,197,0.0,0.0
,2,,,,0,,HIGH,RECURRING,HIGH,4593.0,153.0,153.0,0,,0.0,0.6837988826815642,agent,,FEU,1,,197,0.0,0.0
,3,,,,0,,LOW,NEW,HIGH,3331.22,153.0,153.0,0,,0.0,0.6837988826815642,agent,,TEU,1,,197,0.0,0.0
,4,,,,0,,LOW,NEW,HIGH,3585.01,153.0,153.0,0,,0.0,0.6837988826815642,agent,,TEU,1,,197,0.0,0.0
,5,22,10,0.6875,0,2,HIGH,NEW,HIGH,24733.54,153.0,153.0,1,,3000.0,0.6837988826815642,agent,2,TEU,1,,197,25320.0,0.0
,5,22,10,0.6875,0,2,HIGH,NEW,HIGH,24733.54,153.0,153.0,1,,5400.0,0.6837988826815642,agent,2,FEU,2,,197,25320.0,0.0
,5,22,10,0.6875,0,2,HIGH,NEW,HIGH,24733.54,153.0,153.0,1,,5760.0,0.6837988826815642,agent,2,HC,2,,197,25320.0,0.0
,0,,,,0,,LOW,NEW,HIGH,6801.84,153.0,153.0,0,,0.0,0.688413948256468,agent,,HC,1,,198,0.0,0.0
,1,,,,0,,HIGH,NEW,HIGH,26474.77,153.0,153.0,0,,0.0,0.688413948256468,agent,,TEU,2,,198,0.0,0.0
,1,,,,0,,HIGH,NEW,HIGH,26474.77,153.0,153.0,0,,0.0,0.688413948256468,agent,,FEU,3,,198,0.0,0.0
,1,,,,0,,HIGH,NEW,HIGH,26474.77,153.0,153.0,0,,0.0,0.688413948256468,agent,,HC,1,,198,0.0,0.0
,2,,,,0,,HIGH,NEW,HIGH,14415.39,153.0,153.0,0,,0.0,0.688413948256468,agent,,TEU,1,,198,0.0,0.0
,2,,,,0,,HIGH,NEW,HIGH,14415.39,153.0,153.0,0,,0.0,0.688413948256468,agent,,FEU,2,,198,0.0,0.0
,0,,,,0,,LOW,NEW,HIGH,19936.58,153.0,153.0,0,,0.0,0.690744920993228,agent,,TEU,2,,199,0.0,0.0
,0,,,,0,,LOW,NEW,HIGH,19936.58,153.0,153.0,0,,0.0,0.690744920993228,agent,,FEU,2,,199,0.0,0.0
,1,,,,0,,LOW,NEW,HIGH,13594.22,153.0,153.0,0,,0.0,0.690744920993228,agent,,FEU,1,,199,0.0,0.0
,1,,,,0,,LOW,NEW,HIGH,13594.22,153.0,153.0,0,,0.0,0.690744920993228,agent,,HC,1,,199,0.0,0.0
,0,,,,0,,HIGH,RECURRING,HIGH,37255.26,153.0,153.0,0,,0.0,0.6923076923076923,agent,,TEU,2,,200,0.0,0.0
,0,,,,0,,HIGH,RECURRING,HIGH,37255.26,153.0,153.0,0,,0.0,0.6923076923076923,agent,,FEU,2,,200,0.0,0.0
,0,,,,0,,HIGH,RECURRING,HIGH,37255.26,153.0,153.0,0,,0.0,0.6923076923076923,agent,,HC,2,,200,0.0,0.0
,0,,,,0,,HIGH,RECURRING,HIGH,37255.26,153.0,153.0,0,,0.0,0.6923076923076923,agent,,REEF,1,,200,0.0,0.0
,0,,,,0,,HIGH,NEW,HIGH,5109.86,153.0,153.0,0,,0.0,0.6930917327293318,agent,,FEU,1,,201,0.0,0.0
,0,1,1,0.5,1,1,HIGH,NEW,HIGH,9224.39,150.0,153.0,1,,2500.0,0.6938775510204082,agent,1,TEU,1,,202,7300.0,7300.0
,0,1,1,0.5,1,1,HIGH,NEW,HIGH,9224.39,150.0,153.0,1,,4800.0,0.6938775510204082,agent,1,HC,1,,202,7300.0,7300.0
,0,,,,0,,HIGH,NEW,HIGH,20554.1,150.0,150.0,0,,0.0,0.681044267877412,agent,,TEU,4,,204,0.0,0.0
,0,,,,0,,HIGH,NEW,HIGH,20554.1,150.0,150.0,0,,0.0,0.681044267877412,agent,,FEU,2,,204,0.0,0.0
,1,,,,0,,LOW,NEW,HIGH,21623.38,150.0,150.0,0,,0.0,0.681044267877412,agent,,TEU,4,,204,0.0,0.0
,1,,,,0,,LOW,NEW,HIGH,21623.38,150.0,150.0,0,,0.0,0.681044267877412,agent,,HC,1,,204,0.0,0.0
,2,,,,0,,LOW,RECURRING,HIGH,8484.15,150.0,150.0,0,,0.0,0.681044267877412,agent,,TEU,1,,204,0.0,0.0
,2,,,,0,,LOW,RECURRING,HIGH,8484.15,150.0,150.0,0,,0.0,0.681044267877412,agent,,HC,1,,204,0.0,0.0
,3,,,,0,,LOW,NEW,HIGH,17875.96,150.0,150.0,0,,0.0,0.681044267877412,agent,,TEU,3,,204,0.0,0.0
,3,,,,0,,LOW,NEW,HIGH,17875.96,150.0,150.0,0,,0.0,0.681044267877412,agent,,HC,1,,204,0.0,0.0
,4,,,,0,,LOW,NEW,HIGH,2599.99,150.0,150.0,0,,0.0,0.681044267877412,agent,,TEU,1,,204,0.0,0.0
,5,,,,0,,HIGH,RECURRING,HIGH,12839.43,150.0,150.0,0,,0.0,0.681044267877412,agent,,TEU,3,,204,0.0,0.0
,5,,,,0,,HIGH,RECURRING,HIGH,12839.43,150.0,150.0,0,,0.0,0.681044267877412,agent,,HC,1,,204,0.0,0.0
,6,,,,0,,HIGH,NEW,HIGH,7175.71,150.0,150.0,0,,0.0,0.681044267877412,agent,,TEU,2,,204,0.0,0.0
,0,,,,0,,LOW,RECURRING,HIGH,14793.31,150.0,150.0,0,,0.0,0.6864988558352403,agent,,TEU,3,,205,0.0,0.0
,0,,,,0,,LOW,RECURRING,HIGH,14793.31,150.0,150.0,0,,0.0,0.6864988558352403,agent,,HC,1,,205,0.0,0.0
,1,,,,0,,HIGH,NEW,HIGH,13493.72,150.0,150.0,0,,0.0,0.6864988558352403,agent,,TEU,1,,205,0.0,0.0
,1,,,,0,,HIGH,NEW,HIGH,13493.72,150.0,150.0,0,,0.0,0.6864988558352403,agent,,HC,2,,205,0.0,0.0
,2,,,,0,,HIGH,NEW,HIGH,25563.68,150.0,150.0,0,,0.0,0.6864988558352403,agent,,TEU,4,,205,0.0,0.0
,2,,,,0,,HIGH,NEW,HIGH,25563.68,150.0,150.0,0,,0.0,0.6864988558352403,agent,,FEU,1,,205,0.0,0.0
,2,,,,0,,HIGH,NEW,HIGH,25563.68,150.0,150.0,0,,0.0,0.6864988558352403,agent,,REEF,1,,205,0.0,0.0
,3,,,,0,,HIGH,NEW,HIGH,6669.15,150.0,150.0,0,,0.0,0.6864988558352403,agent,,HC,1,,205,0.0,0.0
,4,,,,0,,LOW,RECURRING,HIGH,2925.48,150.0,150.0,0,,0.0,0.6864988558352403,agent,,TEU,1,,205,0.0,0.0
,5,,,,0,,LOW,NEW,HIGH,5681.48,150.0,150.0,0,,0.0,0.6864988558352403,agent,,HC,1,,205,0.0,0.0
,6,,,,0,,HIGH,NEW,HIGH,6146.48,150.0,150.0,0,,0.0,0.6864988558352403,agent,,FEU,1,,205,0.0,0.0
,0,,,,0,,LOW,NEW,HIGH,18430.82,150.0,150.0,0,,0.0,0.6920415224913494,agent,,TEU,2,,206,0.0,0.0
,0,,,,0,,LOW,NEW,HIGH,18430.82,150.0,150.0,0,,0.0,0.6920415224913494,agent,,REEF,1,,206,0.0,0.0
,1,,,,0,,LOW,RECURRING,HIGH,15413.26,150.0,150.0,0,,0.0,0.6920415224913494,agent,,TEU,1,,206,0.0,0.0
,1,,,,0,,LOW,RECURRING,HIGH,15413.26,150.0,150.0,0,,0.0,0.6920415224913494,agent,,FEU,2,,206,0.0,0.0
,2,,,,0,,LOW,NEW,HIGH,6643.28,150.0,150.0,0,,0.0,0.6920415224913494,agent,,HC,1,,206,0.0,0.0
,3,,,,0,,LOW,NEW,HIGH,7014.45,150.0,150.0,0,,0.0,0.6920415224913494,agent,,HC,1,,206,0.0,0.0
,0,,,,0,,LOW,NEW,HIGH,21422.53,150.0,150.0,0,,0.0,0.6952491309385863,agent,,TEU,1,,207,0.0,0.0
,0,,,,0,,LOW,NEW,HIGH,21422.53,150.0,150.0,0,,0.0,0.6952491309385863,agent,,FEU,3,,207,0.0,0.0
,1,,,,0,,LOW,NEW,HIGH,4957.24,150.0,150.0,0,,0.0,0.6952491309385863,agent,,HC,1,,207,0.0,0.0
,2,26,16,0.6190476190476191,0,2,LOW,NEW,HIGH,11503.62,150.0,150.0,1,,3000.0,0.6952491309385863,agent,2,TEU,1,,207,12600.0,0.0
,2,26,16,0.6190476190476191,0,2,LOW,NEW,HIGH,11503.62,150.0,150.0,1,,9600.0,0.6952491309385863,agent,2,REEF,1,,207,12600.0,0.0
,3,,,,0,,LOW,NEW,HIGH,14749.87,150.0,150.0,0,,0.0,0.6952491309385863,agent,,TEU,1,,207,0.0,0.0
,3,,,,0,,LOW,NEW,HIGH,14749.87,150.0,150.0,0,,0.0,0.6952491309385863,agent,,FEU,1,,207,0.0,0.0
,3,,,,0,,LOW,NEW,HIGH,14749.87,150.0,150.0,0,,0.0,0.6952491309385863,agent,,HC,1,,207,0.0,0.0
,4,22,14,0.6111111111111112,1,2,LOW,RECURRING,HIGH,27533.28,145.0,150.0,1,,3000.0,0.6952491309385863,agent,2,TEU,1,,207,22200.0,22200.0
,4,22,14,0.6111111111111112,1,2,LOW,RECURRING,HIGH,27533.28,145.0,150.0,1,,9600.0,0.6952491309385863,agent,2,REEF,2,,207,22200.0,22200.0
,5,,,,0,,LOW,NEW,HIGH,12557.55,145.0,145.0,0,,0.0,0.6952491309385863,agent,,TEU,4,,207,0.0,0.0
,0,,,,0,,HIGH,NEW,HIGH,17418.08,145.0,145.0,0,,0.0,0.676779463243874,agent,,TEU,4,,208,0.0,0.0
,0,,,,0,,HIGH,NEW,HIGH,17418.08,145.0,145.0,0,,0.0,0.676779463243874,agent,,FEU,1,,208,0.0,0.0
,1,,,,0,,LOW,RECURRING,HIGH,23749.69,145.0,145.0,0,,0.0,0.676779463243874,agent,,TEU,2,,208,0.0,0.0
,1,,,,0,,LOW,RECURRING,HIGH,23749.69,145.0,145.0,0,,0.0,0.676779463243874,agent,,REEF,2,,208,0.0,0.0
,0,,,,0,,LOW,RECURRING,HIGH,5692.66,145.0,145.0,0,,0.0,0.6783625730994152,agent,,TEU,2,,209,0.0,0.0
,1,,,,0,,LOW,NEW,HIGH,8306.62,145.0,145.0,0,,0.0,0.6783625730994152,agent,,TEU,1,,209,0.0,0.0
,1,,,,0,,LOW,NEW,HIGH,8306.62,145.0,145.0,0,,0.0,0.6783625730994152,agent,,HC,1,,209,0.0,0.0
,2,22,14,0.6111111111111112,1,2,LOW,RECURRING,HIGH,15418.32,140.0,145.0,1,,3000.0,0.6783625730994152,agent,2,TEU,1,,209,13800.0,13800.0
,2,22,14,0.6111111111111112,1,2,LOW,RECURRING,HIGH,15418.32,140.0,145.0,1,,5400.0,0.6783625730994152,agent,2,FEU,2,,209,13800.0,13800.0
,0,26,17,0.6046511627906976,1,2,LOW,NEW,HIGH,31758.89,132.0,140.0,1,,5400.0,0.6572769953051644,agent,2,FEU,2,,210,26160.0,26160.0
,0,26,17,0.6046511627906976,1,2,LOW,NEW,HIGH,31758.89,132.0,140.0,1,,5760.0,0.6572769953051644,agent,2,HC,1,,210,26160.0,26160.0
,0,26,17,0.6046511627906976,1,2,LOW,NEW,HIGH,31758.89,132.0,140.0,1,,9600.0,0.6572769953051644,agent,2,REEF,1,,210,26160.0,26160.0
,1,,,,0,,LOW,NEW,HIGH,21688.63,132.0,132.0,0,,0.0,0.6572769953051644,agent,,TEU,1,,210,0.0,0.0
,1,,,,0,,LOW,NEW,HIGH,21688.63,132.0,132.0,0,,0.0,0.6572769953051644,agent,,FEU,2,,210,0.0,0.0
,1,,,,0,,LOW,NEW,HIGH,21688.63,132.0,132.0,0,,0.0,0.6572769953051644,agent,,HC,1,,210,0.0,0.0
,0,23,14,0.6216216216216216,0,2,LOW,RECURRING,HIGH,5725.95,132.0,132.0,1,,5760.0,0.6211764705882353,agent,2,HC,1,,211,5760.0,0.0
,1,,,,0,,LOW,NEW,HIGH,9553.42,132.0,132.0,0,,0.0,0.6211764705882353,agent,,TEU,1,,211,0.0,0.0
,1,,,,0,,LOW,NEW,HIGH,9553.42,132.0,132.0,0,,0.0,0.6211764705882353,agent,,FEU,1,,211,0.0,0.0
,2,,,,0,,LOW,NEW,HIGH,7273.63,132.0,132.0,0,,0.0,0.6211764705882353,agent,,TEU,1,,211,0.0,0.0
,2,,,,0,,LOW,NEW,HIGH,7273.63,132.0,132.0,0,,0.0,0.6211764705882353,agent,,FEU,1,,211,0.0,0.0
,3,,,,0,,HIGH,NEW,HIGH,22016.96,132.0,132.0,0,,0.0,0.6211764705882353,agent,,TEU,2,,211,0.0,0.0
,3,,,,0,,HIGH,NEW,HIGH,22016.96,132.0,132.0,0,,0.0,0.6211764705882353,agent,,FEU,1,,211,0.0,0.0
,3,,,,0,,HIGH,NEW,HIGH,22016.96,132.0,132.0,0,,0.0,0.6211764705882353,agent,,HC,2,,211,0.0,0.0
,0,24,14,0.631578947368421,1,2,LOW,RECURRING,HIGH,29491.23,124.0,132.0,1,,5400.0,0.624113475177305,agent,2,FEU,1,,212,26520.0,26520.0
,0,24,14,0.631578947368421,1,2,LOW,RECURRING,HIGH,29491.23,124.0,132.0,1,,5760.0,0.624113475177305,agent,2,HC,2,,212,26520.0,26520.0
,0,24,14,0.631578947368421,1,2,LOW,RECURRING,HIGH,29491.23,124.0,132.0,1,,9600.0,0.624113475177305,agent,2,REEF,1,,212,26520.0,26520.0
,1,,,,0,,HIGH,RECURRING,HIGH,3359.63,124.0,124.0,0,,0.0,0.624113475177305,agent,,TEU,1,,212,0.0,0.0
,2,,,,0,,HIGH,NEW,HIGH,13654.88,124.0,124.0,0,,0.0,0.624113475177305,agent,,FEU,1,,212,0.0,0.0
,2,,,,0,,HIGH,NEW,HIGH,13654.88,124.0,124.0,0,,0.0,0.624113475177305,agent,,REEF,1,,212,0.0,0.0
,3,,,,0,,HIGH,RECURRING,HIGH,23953.33,124.0,124.0,0,,0.0,0.624113475177305,agent,,TEU,2,,212,0.0,0.0
,3,,,,0,,HIGH,RECURRING,HIGH,23953.33,124.0,124.0,0,,0.0,0.624113475177305,agent,,FEU,1,,212,0.0,0.0
,3,,,,0,,HIGH,RECURRING,HIGH,23953.33,124.0,124.0,0,,0.0,0.624113475177305,agent,,REEF,1,,212,0.0,0.0
,0,,,,0,,LOW,RECURRING,HIGH,9501.61,124.0,124.0,0,,0.0,0.5890736342042755,agent,,TEU,3,,213,0.0,0.0
,0,,,,0,,HIGH,RECURRING,HIGH,16063.01,124.0,124.0,0,,0.0,0.5897740784780023,agent,,TEU,1,,214,0.0,0.0
,0,,,,0,,HIGH,RECURRING,HIGH,16063.01,124.0,124.0,0,,0.0,0.5897740784780023,agent,,FEU,2,,214,0.0,0.0
,1,,,,0,,LOW,RECURRING,HIGH,13444.03,124.0,124.0,0,,0.0,0.5897740784780023,agent,,TEU,2,,214,0.0,0.0
,1,,,,0,,LOW,RECURRING,HIGH,13444.03,124.0,124.0,0,,0.0,0.5897740784780023,agent,,HC,1,,214,0.0,0.0
,0,,,,0,,LOW,RECURRING,HIGH,25462.03,124.0,124.0,0,,0.0,0.5911799761620977,agent,,TEU,1,,215,0.0,0.0
,0,,,,0,,LOW,RECURRING,HIGH,25462.03,124.0,124.0,0,,0.0,0.5911799761620977,agent,,FEU,1,,215,0.0,0.0
,0,,,,0,,LOW,RECURRING,HIGH,25462.03,124.0,124.0,0,,0.0,0.5911799761620977,agent,,HC,1,,215,0.0,0.0
,0,,,,0,,LOW,RECURRING,HIGH,25462.03,124.0,124.0,0,,0.0,0.5911799761620977,agent,,REEF,1,,215,0.0,0.0
,1,,,,0,,LOW,NEW,HIGH,8354.34,124.0,124.0,0,,0.0,0.5911799761620977,agent,,REEF,1,,215,0.0,0.0
,0,,,,0,,HIGH,NEW,HIGH,16927.47,124.0,124.0,0,,0.0,0.5925925925925926,agent,,TEU,1,,216,0.0,0.0
,0,,,,0,,HIGH,NEW,HIGH,16927.47,124.0,124.0,0,,0.0,0.5925925925925926,agent,,HC,1,,216,0.0,0.0
,0,,,,0,,HIGH,NEW,HIGH,16927.47,124.0,124.0,0,,0.0,0.5925925925925926,agent,,REEF,1,,216,0.0,0.0
,1,,,,0,,LOW,RECURRING,HIGH,12091.05,124.0,124.0,0,,0.0,0.5925925925925926,agent,,TEU,2,,216,0.0,0.0
,1,,,,0,,LOW,RECURRING,HIGH,12091.05,124.0,124.0,0,,0.0,0.5925925925925926,agent,,HC,1,,216,0.0,0.0
,0,25,15,0.625,1,2,LOW,RECURRING,HIGH,11695.84,120.0,124.0,1,,3000.0,0.5940119760479042,agent,2,TEU,2,,217,11400.0,11400.0
,0,25,15,0.625,1,2,LOW,RECURRING,HIGH,11695.84,120.0,124.0,1,,5400.0,0.5940119760479042,agent,2,FEU,1,,217,11400.0,11400.0
,1,,,,0,,LOW,NEW,HIGH,11030.75,120.0,120.0,0,,0.0,0.5940119760479042,agent,,TEU,3,,217,0.0,0.0
,2,,,,0,,LOW,NEW,HIGH,18284.79,120.0,120.0,0,,0.0,0.5940119760479042,agent,,TEU,2,,217,0.0,0.0
,2,,,,0,,LOW,NEW,HIGH,18284.79,120.0,120.0,0,,0.0,0.5940119760479042,agent,,FEU,1,,217,0.0,0.0
,2,,,,0,,LOW,NEW,HIGH,18284.79,120.0,120.0,0,,0.0,0.5940119760479042,agent,,REEF,1,,217,0.0,0.0
,3,,,,0,,HIGH,NEW,HIGH,18740.52,120.0,120.0,0,,0.0,0.5940119760479042,agent,,TEU,2,,217,0.0,0.0
,3,,,,0,,HIGH,NEW,HIGH,18740.52,120.0,120.0,0,,0.0,0.5940119760479042,agent,,FEU,2,,217,0.0,0.0
,0,,,,0,,HIGH,NEW,HIGH,11608.55,120.0,120.0,0,,0.0,0.5776173285198556,agent,,FEU,2,,218,0.0,0.0
,0,26,15,0.6341463414634146,1,2,LOW,RECURRING,HIGH,3428.27,119.0,120.0,1,,3000.0,0.5783132530120482,agent,2,TEU,1,,219,3000.0,3000.0
,1,,,,0,,HIGH,RECURRING,HIGH,3739.92,119.0,119.0,0,,0.0,0.5783132530120482,agent,,TEU,1,,219,0.0,0.0
,0,,,,0,,HIGH,NEW,HIGH,15371.44,119.0,119.0,0,,0.0,0.5748792270531401,agent,,TEU,1,,220,0.0,0.0
,0,,,,0,,HIGH,NEW,HIGH,15371.44,119.0,119.0,0,,0.0,0.5748792270531401,agent,,REEF,1,,220,0.0,0.0
,1,22,11,0.6666666666666666,0,2,HIGH,NEW,HIGH,2660.7,119.0,119.0,1,,3000.0,0.5748792270531401,agent,2,TEU,1,,220,3000.0,0.0
,0,16,13,0.5517241379310345,0,2,HIGH,RECURRING,HIGH,19748.3,119.0,119.0,1,,3000.0,0.576271186440678,agent,2,TEU,3,,221,20160.0,0.0
,0,16,13,0.5517241379310345,0,2,HIGH,RECURRING,HIGH,19748.3,119.0,119.0,1,,5400.0,0.576271186440678,agent,2,FEU,1,,221,20160.0,0.0
,0,16,13,0.5517241379310345,0,2,HIGH,RECURRING,HIGH,19748.3,119.0,119.0,1,,5760.0,0.576271186440678,agent,2,HC,1,,221,20160.0,0.0
,1,,,,0,,LOW,NEW,HIGH,8907.61,119.0,119.0,0,,0.0,0.576271186440678,agent,,TEU,1,,221,0.0,0.0
,1,,,,0,,LOW,NEW,HIGH,8907.61,119.0,119.0,0,,0.0,0.576271186440678,agent,,FEU,1,,221,0.0,0.0
,0,,,,0,,LOW,NEW,HIGH,6968.23,119.0,119.0,0,,0.0,0.5776699029126213,agent,,TEU,2,,222,0.0,0.0
,0,,,,0,,LOW,NEW,HIGH,24808.82,119.0,119.0,0,,0.0,0.5783718104495748,agent,,TEU,2,,223,0.0,0.0
,0,,,,0,,LOW,NEW,HIGH,24808.82,119.0,119.0,0,,0.0,0.5783718104495748,agent,,FEU,1,,223,0.0,0.0
,0,,,,0,,LOW,NEW,HIGH,24808.82,119.0,119.0,0,,0.0,0.5783718104495748,agent,,HC,1,,223,0.0,0.0
,0,,,,0,,LOW,NEW,HIGH,24808.82,119.0,119.0,0,,0.0,0.5783718104495748,agent,,REEF,1,,223,0.0,0.0
,1,,,,0,,HIGH,RECURRING,HIGH,30904.42,119.0,119.0,0,,0.0,0.5783718104495748,agent,,TEU,2,,223,0.0,0.0
,1,,,,0,,HIGH,RECURRING,HIGH,30904.42,119.0,119.0,0,,0.0,0.5783718104495748,agent,,FEU,2,,223,0.0,0.0
,1,,,,0,,HIGH,RECURRING,HIGH,30904.42,119.0,119.0,0,,0.0,0.5783718104495748,agent,,HC,1,,223,0.0,0.0
,1,,,,0,,HIGH,RECURRING,HIGH,30904.42,119.0,119.0,0,,0.0,0.5783718104495748,agent,,REEF,1,,223,0.0,0.0
,2,,,,0,,HIGH,NEW,HIGH,6809.33,119.0,119.0,0,,0.0,0.5783718104495748,agent,,HC,1,,223,0.0,0.0
,3,,,,0,,HIGH,NEW,HIGH,34488.23,119.0,119.0,0,,0.0,0.5783718104495748,agent,,TEU,4,,223,0.0,0.0
,3,,,,0,,HIGH,NEW,HIGH,34488.23,119.0,119.0,0,,0.0,0.5783718104495748,agent,,REEF,2,,223,0.0,0.0
,4,,,,0,,LOW,RECURRING,HIGH,11064.14,119.0,119.0,0,,0.0,0.5783718104495748,agent,,FEU,2,,223,0.0,0.0
,0,,,,0,,LOW,NEW,HIGH,8449.32,119.0,119.0,0,,0.0,0.5819070904645477,agent,,TEU,1,,224,0.0,0.0
,0,,,,0,,LOW,NEW,HIGH,8449.32,119.0,119.0,0,,0.0,0.5819070904645477,agent,,HC,1,,224,0.0,0.0
,1,,,,0,,HIGH,NEW,HIGH,16456.72,119.0,119.0,0,,0.0,0.5819070904645477,agent,,FEU,1,,224,0.0,0.0
,1,,,,0,,HIGH,NEW,HIGH,16456.72,119.0,119.0,0,,0.0,0.5819070904645477,agent,,REEF,1,,224,0.0,0.0
,2,,,,0,,LOW,NEW,HIGH,10226.89,119.0,119.0,0,,0.0,0.5819070904645477,agent,,REEF,1,,224,0.0,0.0
,0,,,,0,,HIGH,RECURRING,HIGH,7144.9,119.0,119.0,0,,0.0,0.5840490797546012,agent,,HC,1,,225,0.0,0.0
,1,,,,0,,LOW,RECURRING,HIGH,8436.36,119.0,119.0,0,,0.0,0.5840490797546012,agent,,TEU,3,,225,0.0,0.0
,2,,,,0,,LOW,NEW,HIGH,3482.95,119.0,119.0,0,,0.0,0.5840490797546012,agent,,TEU,1,,225,0.0,0.0
,3,,,,0,,LOW,NEW,HIGH,6341.33,119.0,119.0,0,,0.0,0.5840490797546012,agent,,TEU,2,,225,0.0,0.0
,0,,,,0,,LOW,RECURRING,HIGH,12510.53,119.0,119.0,0,,0.0,0.5869297163995068,agent,,TEU,2,,226,0.0,0.0
,0,,,,0,,LOW,RECURRING,HIGH,12510.53,119.0,119.0,0,,0.0,0.5869297163995068,agent,,HC,1,,226,0.0,0.0
,1,,,,0,,LOW,NEW,HIGH,22173.55,119.0,119.0,0,,0.0,0.5869297163995068,agent,,TEU,1,,226,0.0,0.0
,1,,,,0,,LOW,NEW,HIGH,22173.55,119.0,119.0,0,,0.0,0.5869297163995068,agent,,FEU,1,,226,0.0,0.0
,1,,,,0,,LOW,NEW,HIGH,22173.55,119.0,119.0,0,,0.0,0.5869297163995068,agent,,REEF,1,,226,0.0,0.0
,2,16,14,0.5333333333333333,1,2,HIGH,RECURRING,HIGH,3142.35,118.0,119.0,1,,3000.0,0.5869297163995068,agent,2,TEU,1,,226,3000.0,3000.0
,3,,,,0,,HIGH,NEW,HIGH,2811.26,118.0,118.0,0,,0.0,0.5869297163995068,agent,,TEU,1,,226,0.0,0.0
,0,,,,0,,HIGH,NEW,HIGH,22328.81,118.0,118.0,0,,0.0,0.5848822800495663,agent,,TEU,2,,227,0.0,0.0
,0,,,,0,,HIGH,NEW,HIGH,22328.81,118.0,118.0,0,,0.0,0.5848822800495663,agent,,FEU,1,,227,0.0,0.0
,0,,,,0,,HIGH,NEW,HIGH,22328.81,118.0,118.0,0,,0.0,0.5848822800495663,agent,,REEF,1,,227,0.0,0.0
,0,22,12,0.6470588235294118,0,2,HIGH,NEW,HIGH,10045.15,118.0,118.0,1,,5400.0,0.5856079404466501,agent,2,FEU,1,,228,11160.0,0.0
,0,22,12,0.6470588235294118,0,2,HIGH,NEW,HIGH,10045.15,118.0,118.0,1,,5760.0,0.5856079404466501,agent,2,HC,1,,228,11160.0,0.0
,1,,,,0,,LOW,NEW,HIGH,14593.16,118.0,118.0,0,,0.0,0.5856079404466501,agent,,TEU,1,,228,0.0,0.0
,1,,,,0,,LOW,NEW,HIGH,14593.16,118.0,118.0,0,,0.0,0.5856079404466501,agent,,REEF,1,,228,0.0,0.0
,2,,,,0,,HIGH,NEW,HIGH,22789.92,118.0,118.0,0,,0.0,0.5856079404466501,agent,,TEU,1,,228,0.0,0.0
,2,,,,0,,HIGH,NEW,HIGH,22789.92,118.0,118.0,0,,0.0,0.5856079404466501,agent,,FEU,2,,228,0.0,0.0
,2,,,,0,,HIGH,NEW,HIGH,22789.92,118.0,118.0,0,,0.0,0.5856079404466501,agent,,HC,1,,228,0.0,0.0
,3,,,,0,,LOW,NEW,HIGH,24430.53,118.0,118.0,0,,0.0,0.5856079404466501,agent,,TEU,2,,228,0.0,0.0
,3,,,,0,,LOW,NEW,HIGH,24430.53,118.0,118.0,0,,0.0,0.5856079404466501,agent,,HC,1,,228,0.0,0.0
,3,,,,0,,LOW,NEW,HIGH,24430.53,118.0,118.0,0,,0.0,0.5856079404466501,agent,,REEF,1,,228,0.0,0.0
,4,,,,0,,LOW,NEW,HIGH,31508.0,118.0,118.0,0,,0.0,0.5856079404466501,agent,,TEU,3,,228,0.0,0.0
,4,,,,0,,LOW,NEW,HIGH,31508.0,118.0,118.0,0,,0.0,0.5856079404466501,agent,,FEU,1,,228,0.0,0.0
,4,,,,0,,LOW,NEW,HIGH,31508.0,118.0,118.0,0,,0.0,0.5856079404466501,agent,,REEF,2,,228,0.0,0.0
,5,,,,0,,HIGH,NEW,HIGH,6146.84,118.0,118.0,0,,0.0,0.5856079404466501,agent,,FEU,1,,228,0.0,0.0
,6,,,,0,,LOW,NEW,HIGH,39580.45,118.0,118.0,0,,0.0,0.5856079404466501,agent,,TEU,3,,228,0.0,0.0
,6,,,,0,,LOW,NEW,HIGH,39580.45,118.0,118.0,0,,0.0,0.5856079404466501,agent,,FEU,1,,228,0.0,0.0
,6,,,,0,,LOW,NEW,HIGH,39580.45,118.0,118.0,0,,0.0,0.5856079404466501,agent,,HC,2,,228,0.0,0.0
,6,,,,0,,LOW,NEW,HIGH,39580.45,118.0,118.0,0,,0.0,0.5856079404466501,agent,,REEF,1,,228,0.0,0.0
,7,22,12,0.6470588235294118,0,2,HIGH,NEW,HIGH,4536.33,118.0,118.0,1,,5400.0,0.5856079404466501,agent,2,FEU,1,,228,5400.0,0.0
,0,27,17,0.6136363636363636,1,2,LOW,NEW,HIGH,19583.04,113.0,118.0,1,,3000.0,0.5914786967418546,agent,2,TEU,1,,229,18000.0,18000.0
,0,27,17,0.6136363636363636,1,2,LOW,NEW,HIGH,19583.04,113.0,118.0,1,,5400.0,0.5914786967418546,agent,2,FEU,1,,229,18000.0,18000.0
,0,27,17,0.6136363636363636,1,2,LOW,NEW,HIGH,19583.04,113.0,118.0,1,,9600.0,0.5914786967418546,agent,2,REEF,1,,229,18000.0,18000.0
,1,,,,0,,HIGH,NEW,HIGH,3193.0,113.0,113.0,0,,0.0,0.5914786967418546,agent,,TEU,1,,229,0.0,0.0
,2,27,17,0.6136363636363636,1,2,LOW,NEW,HIGH,13134.33,109.0,113.0,1,,5400.0,0.5914786967418546,agent,2,FEU,1,,229,11160.0,11160.0
,2,27,17,0.6136363636363636,1,2,LOW,NEW,HIGH,13134.33,109.0,113.0,1,,5760.0,0.5914786967418546,agent,2,HC,1,,229,11160.0,11160.0
,3,,,,0,,LOW,NEW,HIGH,16322.54,109.0,109.0,0,,0.0,0.5914786967418546,agent,,TEU,2,,229,0.0,0.0
,3,,,,0,,LOW,NEW,HIGH,16322.54,109.0,109.0,0,,0.0,0.5914786967418546,agent,,FEU,1,,229,0.0,0.0
,3,,,,0,,LOW,NEW,HIGH,16322.54,109.0,109.0,0,,0.0,0.5914786967418546,agent,,HC,1,,229,0.0,0.0
,0,,,,0,,LOW,NEW,HIGH,12340.14,109.0,109.0,0,,0.0,0.5491183879093199,agent,,TEU,2,,230,0.0,0.0
,0,,,,0,,LOW,NEW,HIGH,12340.14,109.0,109.0,0,,0.0,0.5491183879093199,agent,,FEU,1,,230,0.0,0.0
,1,,,,0,,HIGH,NEW,HIGH,13443.98,109.0,109.0,0,,0.0,0.5491183879093199,agent,,FEU,1,,230,0.0,0.0
,1,,,,0,,HIGH,NEW,HIGH,13443.98,109.0,109.0,0,,0.0,0.5491183879093199,agent,,HC,1,,230,0.0,0.0
,2,,,,0,,LOW,NEW,HIGH,8756.09,109.0,109.0,0,,0.0,0.5491183879093199,agent,,TEU,1,,230,0.0,0.0
,2,,,,0,,LOW,NEW,HIGH,8756.09,109.0,109.0,0,,0.0,0.5491183879093199,agent,,FEU,1,,230,0.0,0.0
,3,,,,0,,LOW,RECURRING,HIGH,25956.95,109.0,109.0,0,,0.0,0.5491183879093199,agent,,TEU,1,,230,0.0,0.0
,3,,,,0,,LOW,RECURRING,HIGH,25956.95,109.0,109.0,0,,0.0,0.5491183879093199,agent,,FEU,3,,230,0.0,0.0
,3,,,,0,,LOW,RECURRING,HIGH,25956.95,109.0,109.0,0,,0.0,0.5491183879093199,agent,,REEF,1,,230,0.0,0.0
,0,,,,0,,LOW,RECURRING,HIGH,11234.21,109.0,109.0,0,,0.0,0.5518987341772152,agent,,HC,2,,231,0.0,0.0
,1,,,,0,,LOW,RECURRING,HIGH,16359.7,109.0,109.0,0,,0.0,0.5518987341772152,agent,,TEU,2,,231,0.0,0.0
,1,,,,0,,LOW,RECURRING,HIGH,16359.7,109.0,109.0,0,,0.0,0.5518987341772152,agent,,FEU,2,,231,0.0,0.0
,0,27,15,0.6428571428571429,0,2,LOW,RECURRING,HIGH,11978.67,109.0,109.0,1,,3000.0,0.5532994923857868,agent,2,TEU,1,,232,12600.0,0.0
,0,27,15,0.6428571428571429,0,2,LOW,RECURRING,HIGH,11978.67,109.0,109.0,1,,9600.0,0.5532994923857868,agent,2,REEF,1,,232,12600.0,0.0
,1,,,,0,,LOW,NEW,HIGH,26541.26,109.0,109.0,0,,0.0,0.5532994923857868,agent,,TEU,3,,232,0.0,0.0
,1,,,,0,,LOW,NEW,HIGH,26541.26,109.0,109.0,0,,0.0,0.5532994923857868,agent,,FEU,1,,232,0.0,0.0
,1,,,,0,,LOW,NEW,HIGH,26541.26,109.0,109.0,0,,0.0,0.5532994923857868,agent,,HC,2,,232,0.0,0.0
,2,,,,0,,LOW,NEW,HIGH,5478.84,109.0,109.0,0,,0.0,0.5532994923857868,agent,,FEU,1,,232,0.0,0.0
,3,,,,0,,HIGH,RECURRING,HIGH,2566.85,109.0,109.0,0,,0.0,0.5532994923857868,agent,,TEU,1,,232,0.0,0.0
,0,,,,0,,LOW,NEW,HIGH,23603.92,109.0,109.0,0,,0.0,0.5561224489795918,agent,,TEU,2,,234,0.0,0.0
,0,,,,0,,LOW,NEW,HIGH,23603.92,109.0,109.0,0,,0.0,0.5561224489795918,agent,,FEU,1,,234,0.0,0.0
,0,,,,0,,LOW,NEW,HIGH,23603.92,109.0,109.0,0,,0.0,0.5561224489795918,agent,,REEF,1,,234,0.0,0.0
,0,,,,0,,LOW,NEW,HIGH,17102.07,109.0,109.0,0,,0.0,0.5568326947637292,agent,,HC,1,,235,0.0,0.0
,0,,,,0,,LOW,NEW,HIGH,17102.07,109.0,109.0,0,,0.0,0.5568326947637292,agent,,REEF,1,,235,0.0,0.0
,0,,,,0,,LOW,RECURRING,HIGH,9605.83,109.0,109.0,0,,0.0,0.5575447570332481,agent,,TEU,1,,237,0.0,0.0
,0,,,,0,,LOW,RECURRING,HIGH,9605.83,109.0,109.0,0,,0.0,0.5575447570332481,agent,,FEU,1,,237,0.0,0.0
,1,,,,0,,LOW,NEW,HIGH,8445.91,109.0,109.0,0,,0.0,0.5575447570332481,agent,,TEU,1,,237,0.0,0.0
,1,,,,0,,LOW,NEW,HIGH,8445.91,109.0,109.0,0,,0.0,0.5575447570332481,agent,,FEU,1,,237,0.0,0.0
,2,,,,0,,LOW,RECURRING,HIGH,5075.12,109.0,109.0,0,,0.0,0.5575447570332481,agent,,FEU,1,,237,0.0,0.0
,0,,,,0,,HIGH,NEW,HIGH,13663.4,109.0,109.0,0,,0.0,0.5596919127086007,agent,,TEU,2,,238,0.0,0.0
,0,,,,0,,HIGH,NEW,HIGH,13663.4,109.0,109.0,0,,0.0,0.5596919127086007,agent,,HC,1,,238,0.0,0.0
,1,,,,0,,LOW,RECURRING,HIGH,3212.8,109.0,109.0,0,,0.0,0.5596919127086007,agent,,TEU,1,,238,0.0,0.0
,2,,,,0,,LOW,NEW,HIGH,9757.12,109.0,109.0,0,,0.0,0.5596919127086007,agent,,TEU,1,,238,0.0,0.0
,2,,,,0,,LOW,NEW,HIGH,9757.12,109.0,109.0,0,,0.0,0.5596919127086007,agent,,HC,1,,238,0.0,0.0
,0,17,14,0.5483870967741935,0,2,HIGH,RECURRING,HIGH,5562.36,109.0,109.0,1,,3000.0,0.5618556701030928,agent,2,TEU,2,,239,6000.0,0.0
,1,,,,0,,HIGH,NEW,HIGH,2953.24,109.0,109.0,0,,0.0,0.5618556701030928,agent,,TEU,1,,239,0.0,0.0
,2,,,,0,,HIGH,RECURRING,HIGH,22528.4,109.0,109.0,0,,0.0,0.5618556701030928,agent,,TEU,1,,239,0.0,0.0
,2,,,,0,,HIGH,RECURRING,HIGH,22528.4,109.0,109.0,0,,0.0,0.5618556701030928,agent,,FEU,3,,239,0.0,0.0
,3,,,,0,,LOW,NEW,HIGH,27898.76,109.0,109.0,0,,0.0,0.5618556701030928,agent,,TEU,2,,239,0.0,0.0
,3,,,,0,,LOW,NEW,HIGH,27898.76,109.0,109.0,0,,0.0,0.5618556701030928,agent,,FEU,1,,239,0.0,0.0
,3,,,,0,,LOW,NEW,HIGH,27898.76,109.0,109.0,0,,0.0,0.5618556701030928,agent,,REEF,2,,239,0.0,0.0
,0,,,,0,,LOW,NEW,HIGH,26157.1,109.0,109.0,0,,0.0,0.5647668393782384,agent,,TEU,2,,240,0.0,0.0
,0,,,,0,,LOW,NEW,HIGH,26157.1,109.0,109.0,0,,0.0,0.5647668393782384,agent,,FEU,1,,240,0.0,0.0
,0,,,,0,,LOW,NEW,HIGH,26157.1,109.0,109.0,0,,0.0,0.5647668393782384,agent,,HC,1,,240,0.0,0.0
,0,,,,0,,LOW,NEW,HIGH,26157.1,109.0,109.0,0,,0.0,0.5647668393782384,agent,,REEF,1,,240,0.0,0.0
,1,,,,0,,LOW,RECURRING,HIGH,3026.09,109.0,109.0,0,,0.0,0.5647668393782384,agent,,TEU,1,,240,0.0,0.0
,0,,,,0,,LOW,NEW,HIGH,29071.8,109.0,109.0,0,,0.0,0.5662337662337662,agent,,TEU,4,,241,0.0,0.0
,0,,,,0,,LOW,NEW,HIGH,29071.8,109.0,109.0,0,,0.0,0.5662337662337662,agent,,HC,2,,241,0.0,0.0
,1,,,,0,,LOW,RECURRING,HIGH,33416.13,109.0,109.0,0,,0.0,0.5662337662337662,agent,,FEU,4,,241,0.0,0.0
,1,,,,0,,LOW,RECURRING,HIGH,33416.13,109.0,109.0,0,,0.0,0.5662337662337662,agent,,HC,1,,241,0.0,0.0
,2,,,,0,,LOW,NEW,HIGH,19413.9,109.0,109.0,0,,0.0,0.5662337662337662,agent,,FEU,2,,241,0.0,0.0
,2,,,,0,,LOW,NEW,HIGH,19413.9,109.0,109.0,0,,0.0,0.5662337662337662,agent,,HC,1,,241,0.0,0.0
,3,29,17,0.6304347826086957,0,2,LOW,NEW,HIGH,12573.1,109.0,109.0,1,,3000.0,0.5662337662337662,agent,2,TEU,1,,241,14520.0,0.0
,3,29,17,0.6304347826086957,0,2,LOW,NEW,HIGH,12573.1,109.0,109.0,1,,5760.0,0.5662337662337662,agent,2,HC,2,,241,14520.0,0.0
,0,,,,0,,LOW,NEW,HIGH,22882.62,109.0,109.0,0,,0.0,0.5691906005221932,agent,,FEU,1,,242,0.0,0.0
,0,,,,0,,LOW,NEW,HIGH,22882.62,109.0,109.0,0,,0.0,0.5691906005221932,agent,,HC,1,,242,0.0,0.0
,0,,,,0,,LOW,NEW,HIGH,22882.62,109.0,109.0,0,,0.0,0.5691906005221932,agent,,REEF,1,,242,0.0,0.0
,1,,,,0,,HIGH,NEW,HIGH,10057.77,109.0,109.0,0,,0.0,0.5691906005221932,agent,,TEU,2,,242,0.0,0.0
,1,,,,0,,HIGH,NEW,HIGH,10057.77,109.0,109.0,0,,0.0,0.5691906005221932,agent,,HC,1,,242,0.0,0.0
,2,,,,0,,HIGH,RECURRING,HIGH,8806.3,109.0,109.0,0,,0.0,0.5691906005221932,agent,,TEU,1,,242,0.0,0.0
,2,,,,0,,HIGH,RECURRING,HIGH,8806.3,109.0,109.0,0,,0.0,0.5691906005221932,agent,,FEU,1,,242,0.0,0.0
,0,,,,0,,HIGH,NEW,HIGH,25635.3,109.0,109.0,0,,0.0,0.5714285714285714,agent,,TEU,2,,243,0.0,0.0
,0,,,,0,,HIGH,NEW,HIGH,25635.3,109.0,109.0,0,,0.0,0.5714285714285714,agent,,FEU,1,,243,0.0,0.0
,0,,,,0,,HIGH,NEW,HIGH,25635.3,109.0,109.0,0,,0.0,0.5714285714285714,agent,,REEF,1,,243,0.0,0.0
,1,,,,0,,LOW,NEW,HIGH,13222.82,109.0,109.0,0,,0.0,0.5714285714285714,agent,,FEU,1,,243,0.0,0.0
,1,,,,0,,LOW,NEW,HIGH,13222.82,109.0,109.0,0,,0.0,0.5714285714285714,agent,,HC,1,,243,0.0,0.0
,2,22,14,0.6111111111111112,1,2,HIGH,NEW,HIGH,11130.72,107.0,109.0,1,,9600.0,0.5714285714285714,agent,2,REEF,1,,243,9600.0,9600.0
,3,,,,0,,HIGH,RECURRING,HIGH,19486.06,107.0,107.0,0,,0.0,0.5714285714285714,agent,,TEU,4,,243,0.0,0.0
,3,,,,0,,HIGH,RECURRING,HIGH,19486.06,107.0,107.0,0,,0.0,0.5714285714285714,agent,,HC,1,,243,0.0,0.0
,0,27,16,0.627906976744186,0,2,LOW,RECURRING,HIGH,11028.99,107.0,107.0,1,,5400.0,0.5638998682476943,agent,2,FEU,1,,244,11160.0,0.0
,0,27,16,0.627906976744186,0,2,LOW,RECURRING,HIGH,11028.99,107.0,107.0,1,,5760.0,0.5638998682476943,agent,2,HC,1,,244,11160.0,0.0
,0,22,14,0.6111111111111112,1,2,HIGH,NEW,HIGH,19291.37,102.0,107.0,1,,3000.0,0.5646437994722955,agent,2,TEU,1,,245,18000.0,18000.0
,0,22,14,0.6111111111111112,1,2,HIGH,NEW,HIGH,19291.37,102.0,107.0,1,,5400.0,0.5646437994722955,agent,2,FEU,1,,245,18000.0,18000.0
,0,22,14,0.6111111111111112,1,2,HIGH,NEW,HIGH,19291.37,102.0,107.0,1,,9600.0,0.5646437994722955,agent,2,REEF,1,,245,18000.0,18000.0
,1,,,,0,,LOW,RECURRING,HIGH,2582.1,102.0,102.0,0,,0.0,0.5646437994722955,agent,,TEU,1,,245,0.0,0.0
,2,,,,0,,LOW,NEW,HIGH,5981.16,102.0,102.0,0,,0.0,0.5646437994722955,agent,,HC,1,,245,0.0,0.0
,3,,,,0,,LOW,NEW,HIGH,21660.5,102.0,102.0,0,,0.0,0.5646437994722955,agent,,TEU,1,,245,0.0,0.0
,3,,,,0,,LOW,NEW,HIGH,21660.5,102.0,102.0,0,,0.0,0.5646437994722955,agent,,FEU,2,,245,0.0,0.0
,3,,,,0,,LOW,NEW,HIGH,21660.5,102.0,102.0,0,,0.0,0.5646437994722955,agent,,HC,1,,245,0.0,0.0
,4,,,,0,,HIGH,NEW,HIGH,2583.87,102.0,102.0,0,,0.0,0.5646437994722955,agent,,TEU,1,,245,0.0,0.0
,5,,,,0,,HIGH,NEW,HIGH,26476.29,102.0,102.0,0,,0.0,0.5646437994722955,agent,,TEU,2,,245,0.0,0.0
,5,,,,0,,HIGH,NEW,HIGH,26476.29,102.0,102.0,0,,0.0,0.5646437994722955,agent,,FEU,1,,245,0.0,0.0
,5,,,,0,,HIGH,NEW,HIGH,26476.29,102.0,102.0,0,,0.0,0.5646437994722955,agent,,HC,2,,245,0.0,0.0
,0,,,,0,,LOW,NEW,HIGH,14386.49,102.0,102.0,0,,0.0,0.5425531914893617,agent,,TEU,2,,246,0.0,0.0
,0,,,,0,,LOW,NEW,HIGH,14386.49,102.0,102.0,0,,0.0,0.5425531914893617,agent,,FEU,1,,246,0.0,0.0
,0,,,,0,,LOW,NEW,HIGH,14386.49,102.0,102.0,0,,0.0,0.5425531914893617,agent,,HC,1,,246,0.0,0.0
,1,,,,0,,LOW,RECURRING,HIGH,2527.79,102.0,102.0,0,,0.0,0.5425531914893617,agent,,TEU,1,,246,0.0,0.0
,0,,,,0,,LOW,NEW,HIGH,5098.78,102.0,102.0,0,,0.0,0.544,agent,,FEU,1,,247,0.0,0.0
,1,,,,0,,LOW,RECURRING,HIGH,16641.54,102.0,102.0,0,,0.0,0.544,agent,,TEU,4,,247,0.0,0.0
,1,,,,0,,LOW,RECURRING,HIGH,16641.54,102.0,102.0,0,,0.0,0.544,agent,,FEU,1,,247,0.0,0.0
,2,,,,0,,HIGH,NEW,HIGH,21398.35,102.0,102.0,0,,0.0,0.544,agent,,TEU,1,,247,0.0,0.0
,2,,,,0,,HIGH,NEW,HIGH,21398.35,102.0,102.0,0,,0.0,0.544,agent,,FEU,3,,247,0.0,0.0
,0,,,,0,,HIGH,RECURRING,HIGH,10317.47,102.0,102.0,0,,0.0,0.5461847389558233,agent,,TEU,1,,249,0.0,0.0
,0,,,,0,,HIGH,RECURRING,HIGH,10317.47,102.0,102.0,0,,0.0,0.5461847389558233,agent,,HC,1,,249,0.0,0.0
,1,,,,0,,LOW,RECURRING,HIGH,3748.52,102.0,102.0,0,,0.0,0.5461847389558233,agent,,TEU,1,,249,0.0,0.0
,2,,,,0,,HIGH,RECURRING,HIGH,3516.92,102.0,102.0,0,,0.0,0.5461847389558233,agent,,TEU,1,,249,0.0,0.0
,0,,,,0,,HIGH,RECURRING,HIGH,9385.77,102.0,102.0,0,,0.0,0.5483870967741935,agent,,REEF,1,,250,0.0,0.0
,1,,,,0,,LOW,RECURRING,HIGH,10681.54,102.0,102.0,0,,0.0,0.5483870967741935,agent,,TEU,3,,250,0.0,0.0
,2,,,,0,,LOW,NEW,HIGH,9466.08,102.0,102.0,0,,0.0,0.5483870967741935,agent,,TEU,1,,250,0.0,0.0
,2,,,,0,,LOW,NEW,HIGH,9466.08,102.0,102.0,0,,0.0,0.5483870967741935,agent,,FEU,1,,250,0.0,0.0
,0,,,,0,,LOW,RECURRING,HIGH,17558.31,102.0,102.0,0,,0.0,0.5506072874493927,agent,,TEU,1,,251,0.0,0.0
,0,,,,0,,LOW,RECURRING,HIGH,17558.31,102.0,102.0,0,,0.0,0.5506072874493927,agent,,FEU,1,,251,0.0,0.0
,0,,,,0,,LOW,RECURRING,HIGH,17558.31,102.0,102.0,0,,0.0,0.5506072874493927,agent,,HC,2,,251,0.0,0.0
,1,,,,0,,HIGH,NEW,HIGH,9614.67,102.0,102.0,0,,0.0,0.5506072874493927,agent,,TEU,1,,251,0.0,0.0
,1,,,,0,,HIGH,NEW,HIGH,9614.67,102.0,102.0,0,,0.0,0.5506072874493927,agent,,HC,1,,251,0.0,0.0
,0,,,,0,,LOW,NEW,HIGH,21741.88,102.0,102.0,0,,0.0,0.5520974289580515,agent,,TEU,1,,252,0.0,0.0
,0,,,,0,,LOW,NEW,HIGH,21741.88,102.0,102.0,0,,0.0,0.5520974289580515,agent,,FEU,1,,252,0.0,0.0
,0,,,,0,,LOW,NEW,HIGH,21741.88,102.0,102.0,0,,0.0,0.5520974289580515,agent,,REEF,1,,252,0.0,0.0
,1,,,,0,,LOW,NEW,HIGH,8928.68,102.0,102.0,0,,0.0,0.5520974289580515,agent,,TEU,3,,252,0.0,0.0
,2,,,,0,,LOW,NEW,HIGH,17239.66,102.0,102.0,0,,0.0,0.5520974289580515,agent,,TEU,1,,252,0.0,0.0
,2,,,,0,,LOW,NEW,HIGH,17239.66,102.0,102.0,0,,0.0,0.5520974289580515,agent,,HC,1,,252,0.0,0.0
,2,,,,0,,LOW,NEW,HIGH,17239.66,102.0,102.0,0,,0.0,0.5520974289580515,agent,,REEF,1,,252,0.0,0.0
,0,,,,0,,LOW,NEW,HIGH,24366.85,102.0,102.0,0,,0.0,0.5543478260869565,agent,,FEU,3,,253,0.0,0.0
,0,,,,0,,LOW,NEW,HIGH,24366.85,102.0,102.0,0,,0.0,0.5543478260869565,agent,,HC,1,,253,0.0,0.0
,1,29,18,0.6170212765957447,0,2,LOW,NEW,HIGH,2657.51,102.0,102.0,1,,3000.0,0.5543478260869565,agent,2,TEU,1,,253,3000.0,0.0
,2,,,,0,,LOW,NEW,HIGH,12986.39,102.0,102.0,0,,0.0,0.5543478260869565,agent,,TEU,1,,253,0.0,0.0
,2,,,,0,,LOW,NEW,HIGH,12986.39,102.0,102.0,0,,0.0,0.5543478260869565,agent,,REEF,1,,253,0.0,0.0
,0,,,,0,,LOW,NEW,HIGH,13746.23,102.0,102.0,0,,0.0,0.5566166439290586,agent,,TEU,2,,254,0.0,0.0
,0,,,,0,,LOW,NEW,HIGH,13746.23,102.0,102.0,0,,0.0,0.5566166439290586,agent,,HC,1,,254,0.0,0.0
,1,29,18,0.6170212765957447,0,2,LOW,NEW,HIGH,7130.85,102.0,102.0,1,,3000.0,0.5566166439290586,agent,2,TEU,1,,254,8400.0,0.0
,1,29,18,0.6170212765957447,0,2,LOW,NEW,HIGH,7130.85,102.0,102.0,1,,5400.0,0.5566166439290586,agent,2,FEU,1,,254,8400.0,0.0
,0,,,,0,,LOW,NEW,HIGH,3550.32,102.0,102.0,0,,0.0,0.5581395348837209,agent,,TEU,1,,255,0.0,0.0
,1,,,,0,,HIGH,RECURRING,HIGH,16622.84,102.0,102.0,0,,0.0,0.5581395348837209,agent,,TEU,3,,255,0.0,0.0
,1,,,,0,,HIGH,RECURRING,HIGH,16622.84,102.0,102.0,0,,0.0,0.5581395348837209,agent,,HC,1,,255,0.0,0.0
,2,,,,0,,LOW,RECURRING,HIGH,19263.21,102.0,102.0,0,,0.0,0.5581395348837209,agent,,TEU,2,,255,0.0,0.0
,2,,,,0,,LOW,RECURRING,HIGH,19263.21,102.0,102.0,0,,0.0,0.5581395348837209,agent,,FEU,1,,255,0.0,0.0
,2,,,,0,,LOW,RECURRING,HIGH,19263.21,102.0,102.0,0,,0.0,0.5581395348837209,agent,,HC,2,,255,0.0,0.0
,3,,,,0,,HIGH,NEW,HIGH,8192.6,102.0,102.0,0,,0.0,0.5581395348837209,agent,,TEU,1,,255,0.0,0.0
,3,,,,0,,HIGH,NEW,HIGH,8192.6,102.0,102.0,0,,0.0,0.5581395348837209,agent,,FEU,1,,255,0.0,0.0
,0,,,,0,,LOW,NEW,HIGH,2859.74,102.0,102.0,0,,0.0,0.5612104539202201,agent,,TEU,1,,256,0.0,0.0
,1,,,,0,,LOW,NEW,HIGH,20575.02,102.0,102.0,0,,0.0,0.5612104539202201,agent,,TEU,3,,256,0.0,0.0
,1,,,,0,,LOW,NEW,HIGH,20575.02,102.0,102.0,0,,0.0,0.5612104539202201,agent,,FEU,1,,256,0.0,0.0
,1,,,,0,,LOW,NEW,HIGH,20575.02,102.0,102.0,0,,0.0,0.5612104539202201,agent,,HC,1,,256,0.0,0.0
,0,,,,0,,LOW,NEW,HIGH,16678.45,102.0,102.0,0,,0.0,0.5627586206896552,agent,,FEU,3,,257,0.0,0.0
,1,,,,0,,LOW,RECURRING,HIGH,10235.46,102.0,102.0,0,,0.0,0.5627586206896552,agent,,TEU,1,,257,0.0,0.0
,1,,,,0,,LOW,RECURRING,HIGH,10235.46,102.0,102.0,0,,0.0,0.5627586206896552,agent,,FEU,1,,257,0.0,0.0
,2,,,,0,,LOW,RECURRING,HIGH,13177.17,102.0,102.0,0,,0.0,0.5627586206896552,agent,,TEU,1,,257,0.0,0.0
,2,,,,0,,LOW,RECURRING,HIGH,13177.17,102.0,102.0,0,,0.0,0.5627586206896552,agent,,FEU,2,,257,0.0,0.0
,3,,,,0,,LOW,NEW,HIGH,18554.39,102.0,102.0,0,,0.0,0.5627586206896552,agent,,TEU,2,,257,0.0,0.0
,3,,,,0,,LOW,NEW,HIGH,18554.39,102.0,102.0,0,,0.0,0.5627586206896552,agent,,FEU,1,,257,0.0,0.0
,3,,,,0,,LOW,NEW,HIGH,18554.39,102.0,102.0,0,,0.0,0.5627586206896552,agent,,HC,1,,257,0.0,0.0
,0,,,,0,,LOW,NEW,HIGH,7634.18,102.0,102.0,0,,0.0,0.565880721220527,agent,,TEU,1,,258,0.0,0.0
,0,,,,0,,LOW,NEW,HIGH,7634.18,102.0,102.0,0,,0.0,0.565880721220527,agent,,FEU,1,,258,0.0,0.0
,1,,,,0,,HIGH,NEW,HIGH,5807.15,102.0,102.0,0,,0.0,0.565880721220527,agent,,HC,1,,258,0.0,0.0
,0,,,,0,,HIGH,NEW,HIGH,21771.63,102.0,102.0,0,,0.0,0.5674547983310153,agent,,TEU,3,,259,0.0,0.0
,0,,,,0,,HIGH,NEW,HIGH,21771.63,102.0,102.0,0,,0.0,0.5674547983310153,agent,,FEU,2,,259,0.0,0.0
,0,,,,0,,HIGH,NEW,HIGH,21771.63,102.0,102.0,0,,0.0,0.5674547983310153,agent,,HC,1,,259,0.0,0.0
,1,,,,0,,LOW,NEW,HIGH,11306.07,102.0,102.0,0,,0.0,0.5674547983310153,agent,,REEF,1,,259,0.0,0.0
,2,27,17,0.6136363636363636,0,2,LOW,RECURRING,HIGH,26104.48,102.0,102.0,1,,3000.0,0.5674547983310153,agent,2,TEU,2,,259,26760.0,0.0
,2,27,17,0.6136363636363636,0,2,LOW,RECURRING,HIGH,26104.48,102.0,102.0,1,,5400.0,0.5674547983310153,agent,2,FEU,1,,259,26760.0,0.0
,2,27,17,0.6136363636363636,0,2,LOW,RECURRING,HIGH,26104.48,102.0,102.0,1,,5760.0,0.5674547983310153,agent,2,HC,1,,259,26760.0,0.0
,2,27,17,0.6136363636363636,0,2,LOW,RECURRING,HIGH,26104.48,102.0,102.0,1,,9600.0,0.5674547983310153,agent,2,REEF,1,,259,26760.0,0.0
,0,,,,0,,LOW,NEW,HIGH,3674.68,102.0,102.0,0,,0.0,0.5698324022346368,agent,,TEU,1,,260,0.0,0.0
,1,,,,0,,LOW,NEW,HIGH,6495.28,102.0,102.0,0,,0.0,0.5698324022346368,agent,,FEU,1,,260,0.0,0.0
,2,,,,0,,HIGH,RECURRING,HIGH,6152.94,102.0,102.0,0,,0.0,0.5698324022346368,agent,,HC,1,,260,0.0,0.0
,3,,,,0,,LOW,NEW,HIGH,34993.78,102.0,102.0,0,,0.0,0.5698324022346368,agent,,TEU,2,,260,0.0,0.0
,3,,,,0,,LOW,NEW,HIGH,34993.78,102.0,102.0,0,,0.0,0.5698324022346368,agent,,HC,1,,260,0.0,0.0
,3,,,,0,,LOW,NEW,HIGH,34993.78,102.0,102.0,0,,0.0,0.5698324022346368,agent,,REEF,2,,260,0.0,0.0
,4,,,,0,,LOW,NEW,HIGH,32805.48,102.0,102.0,0,,0.0,0.5698324022346368,agent,,FEU,4,,260,0.0,0.0
,4,,,,0,,LOW,NEW,HIGH,32805.48,102.0,102.0,0,,0.0,0.5698324022346368,agent,,HC,1,,260,0.0,0.0
,0,,,,0,,LOW,NEW,HIGH,6478.25,102.0,102.0,0,,0.0,0.5738396624472574,agent,,FEU,1,,261,0.0,0.0
,1,,,,0,,LOW,NEW,HIGH,5141.37,102.0,102.0,0,,0.0,0.5738396624472574,agent,,TEU,2,,261,0.0,0.0
,2,,,,0,,LOW,NEW,HIGH,11124.26,102.0,102.0,0,,0.0,0.5738396624472574,agent,,TEU,2,,261,0.0,0.0
,2,,,,0,,LOW,NEW,HIGH,11124.26,102.0,102.0,0,,0.0,0.5738396624472574,agent,,FEU,1,,261,0.0,0.0
,3,,,,0,,HIGH,NEW,HIGH,18634.33,102.0,102.0,0,,0.0,0.5738396624472574,agent,,TEU,1,,261,0.0,0.0
,3,,,,0,,HIGH,NEW,HIGH,18634.33,102.0,102.0,0,,0.0,0.5738396624472574,agent,,FEU,2,,261,0.0,0.0
,3,,,,0,,HIGH,NEW,HIGH,18634.33,102.0,102.0,0,,0.0,0.5738396624472574,agent,,HC,1,,261,0.0,0.0
,0,24,14,0.631578947368421,1,2,HIGH,NEW,HIGH,19086.12,96.0,102.0,1,,3000.0,0.5770862800565771,agent,2,TEU,2,,262,16800.0,16800.0
,0,24,14,0.631578947368421,1,2,HIGH,NEW,HIGH,19086.12,96.0,102.0,1,,5400.0,0.5770862800565771,agent,2,FEU,2,,262,16800.0,16800.0
,1,,,,0,,LOW,RECURRING,HIGH,7461.98,96.0,96.0,0,,0.0,0.5770862800565771,agent,,TEU,1,,262,0.0,0.0
,1,,,,0,,LOW,RECURRING,HIGH,7461.98,96.0,96.0,0,,0.0,0.5770862800565771,agent,,FEU,1,,262,0.0,0.0
,2,,,,0,,HIGH,NEW,HIGH,10485.47,96.0,96.0,0,,0.0,0.5770862800565771,agent,,FEU,2,,262,0.0,0.0
,0,,,,0,,LOW,NEW,HIGH,2557.76,96.0,96.0,0,,0.0,0.5454545454545454,agent,,TEU,1,,263,0.0,0.0
,1,,,,0,,HIGH,NEW,HIGH,13247.52,96.0,96.0,0,,0.0,0.5454545454545454,agent,,TEU,1,,263,0.0,0.0
,1,,,,0,,HIGH,NEW,HIGH,13247.52,96.0,96.0,0,,0.0,0.5454545454545454,agent,,FEU,2,,263,0.0,0.0
,2,,,,0,,HIGH,RECURRING,HIGH,7335.16,96.0,96.0,0,,0.0,0.5454545454545454,agent,,TEU,1,,263,0.0,0.0
,2,,,,0,,HIGH,RECURRING,HIGH,7335.16,96.0,96.0,0,,0.0,0.5454545454545454,agent,,HC,1,,263,0.0,0.0
,3,,,,0,,LOW,RECURRING,HIGH,6740.86,96.0,96.0,0,,0.0,0.5454545454545454,agent,,FEU,1,,263,0.0,0.0
,4,,,,0,,LOW,RECURRING,HIGH,20435.62,96.0,96.0,0,,0.0,0.5454545454545454,agent,,TEU,1,,263,0.0,0.0
,4,,,,0,,LOW,RECURRING,HIGH,20435.62,96.0,96.0,0,,0.0,0.5454545454545454,agent,,FEU,2,,263,0.0,0.0
,4,,,,0,,LOW,RECURRING,HIGH,20435.62,96.0,96.0,0,,0.0,0.5454545454545454,agent,,REEF,1,,263,0.0,0.0
,0,,,,0,,HIGH,NEW,HIGH,19193.89,96.0,96.0,0,,0.0,0.5493562231759657,agent,,TEU,3,,264,0.0,0.0
,0,,,,0,,HIGH,NEW,HIGH,19193.89,96.0,96.0,0,,0.0,0.5493562231759657,agent,,FEU,2,,264,0.0,0.0
,1,,,,0,,HIGH,RECURRING,HIGH,17761.93,96.0,96.0,0,,0.0,0.5493562231759657,agent,,TEU,2,,264,0.0,0.0
,1,,,,0,,HIGH,RECURRING,HIGH,17761.93,96.0,96.0,0,,0.0,0.5493562231759657,agent,,FEU,1,,264,0.0,0.0
,1,,,,0,,HIGH,RECURRING,HIGH,17761.93,96.0,96.0,0,,0.0,0.5493562231759657,agent,,HC,1,,264,0.0,0.0
,2,27,18,0.6,1,2,LOW,RECURRING,HIGH,9228.5,93.0,96.0,1,,3000.0,0.5493562231759657,agent,2,TEU,3,,264,9000.0,9000.0
,0,24,14,0.631578947368421,1,2,HIGH,NEW,HIGH,27719.68,85.0,93.0,1,,3000.0,0.5344827586206896,agent,2,TEU,2,,265,22200.0,22200.0
,0,24,14,0.631578947368421,1,2,HIGH,NEW,HIGH,27719.68,85.0,93.0,1,,5400.0,0.5344827586206896,agent,2,FEU,3,,265,22200.0,22200.0
,1,,,,0,,HIGH,NEW,HIGH,13115.77,85.0,85.0,0,,0.0,0.5344827586206896,agent,,FEU,1,,265,0.0,0.0
,1,,,,0,,HIGH,NEW,HIGH,13115.77,85.0,85.0,0,,0.0,0.5344827586206896,agent,,REEF,1,,265,0.0,0.0
,2,,,,0,,LOW,RECURRING,HIGH,6568.36,85.0,85.0,0,,0.0,0.5344827586206896,agent,,TEU,2,,265,0.0,0.0
,3,29,20,0.5918367346938775,1,2,LOW,NEW,HIGH,11285.2,81.0,85.0,1,,5400.0,0.5344827586206896,agent,2,FEU,1,,265,11160.0,11160.0
,3,29,20,0.5918367346938775,1,2,LOW,NEW,HIGH,11285.2,81.0,85.0,1,,5760.0,0.5344827586206896,agent,2,HC,1,,265,11160.0,11160.0
,0,,,,0,,HIGH,NEW,HIGH,7763.66,81.0,81.0,0,,0.0,0.4682080924855491,agent,,TEU,1,,267,0.0,0.0
,0,,,,0,,HIGH,NEW,HIGH,7763.66,81.0,81.0,0,,0.0,0.4682080924855491,agent,,HC,1,,267,0.0,0.0
,0,,,,0,,LOW,RECURRING,HIGH,18020.86,81.0,81.0,0,,0.0,0.46888567293777134,agent,,TEU,5,,268,0.0,0.0
,1,,,,0,,HIGH,RECURRING,HIGH,26107.31,81.0,81.0,0,,0.0,0.46888567293777134,agent,,TEU,1,,268,0.0,0.0
,1,,,,0,,HIGH,RECURRING,HIGH,26107.31,81.0,81.0,0,,0.0,0.46888567293777134,agent,,HC,2,,268,0.0,0.0
,1,,,,0,,HIGH,RECURRING,HIGH,26107.31,81.0,81.0,0,,0.0,0.46888567293777134,agent,,REEF,1,,268,0.0,0.0
,0,,,,0,,LOW,NEW,HIGH,8934.75,81.0,81.0,0,,0.0,0.4702467343976778,agent,,REEF,1,,269,0.0,0.0
,1,,,,0,,LOW,RECURRING,HIGH,15787.85,81.0,81.0,0,,0.0,0.4702467343976778,agent,,FEU,1,,269,0.0,0.0
,1,,,,0,,LOW,RECURRING,HIGH,15787.85,81.0,81.0,0,,0.0,0.4702467343976778,agent,,REEF,1,,269,0.0,0.0
,2,,,,0,,LOW,NEW,HIGH,7152.08,81.0,81.0,0,,0.0,0.4702467343976778,agent,,TEU,2,,269,0.0,0.0
,3,,,,0,,LOW,NEW,HIGH,6884.16,81.0,81.0,0,,0.0,0.4702467343976778,agent,,HC,1,,269,0.0,0.0
,0,,,,0,,HIGH,NEW,HIGH,12091.53,81.0,81.0,0,,0.0,0.472992700729927,agent,,TEU,1,,270,0.0,0.0
,0,,,,0,,HIGH,NEW,HIGH,12091.53,81.0,81.0,0,,0.0,0.472992700729927,agent,,FEU,2,,270,0.0,0.0
,1,,,,0,,HIGH,RECURRING,HIGH,2622.12,81.0,81.0,0,,0.0,0.472992700729927,agent,,TEU,1,,270,0.0,0.0
,2,28,18,0.6086956521739131,1,2,LOW,RECURRING,HIGH,3565.96,80.0,81.0,1,,3000.0,0.472992700729927,agent,2,TEU,1,,270,3000.0,3000.0
,3,,,,0,,LOW,NEW,HIGH,9501.96,80.0,80.0,0,,0.0,0.472992700729927,agent,,TEU,1,,270,0.0,0.0
,3,,,,0,,LOW,NEW,HIGH,9501.96,80.0,80.0,0,,0.0,0.472992700729927,agent,,FEU,1,,270,0.0,0.0
,4,,,,0,,LOW,NEW,HIGH,8049.19,80.0,80.0,0,,0.0,0.472992700729927,agent,,TEU,1,,270,0.0,0.0
,4,,,,0,,LOW,NEW,HIGH,8049.19,80.0,80.0,0,,0.0,0.472992700729927,agent,,FEU,1,,270,0.0,0.0
,5,,,,0,,LOW,NEW,HIGH,13699.9,80.0,80.0,0,,0.0,0.472992700729927,agent,,TEU,2,,270,0.0,0.0
,5,,,,0,,LOW,NEW,HIGH,13699.9,80.0,80.0,0,,0.0,0.472992700729927,agent,,HC,1,,270,0.0,0.0
,6,,,,0,,HIGH,RECURRING,HIGH,13758.69,80.0,80.0,0,,0.0,0.472992700729927,agent,,TEU,2,,270,0.0,0.0
,6,,,,0,,HIGH,RECURRING,HIGH,13758.69,80.0,80.0,0,,0.0,0.472992700729927,agent,,REEF,1,,270,0.0,0.0
,0,26,14,0.65,1,2,HIGH,NEW,HIGH,3025.54,79.0,80.0,1,,3000.0,0.471976401179941,agent,2,TEU,1,,271,3000.0,3000.0
,1,,,,0,,LOW,NEW,HIGH,12528.65,79.0,79.0,0,,0.0,0.471976401179941,agent,,TEU,3,,271,0.0,0.0
,1,,,,0,,LOW,NEW,HIGH,12528.65,79.0,79.0,0,,0.0,0.471976401179941,agent,,FEU,1,,271,0.0,0.0
,0,30,20,0.6,0,2,LOW,NEW,HIGH,11628.73,79.0,79.0,1,,3000.0,0.46745562130177515,agent,2,TEU,4,,272,12000.0,0.0
,1,,,,0,,LOW,NEW,HIGH,8054.7,79.0,79.0,0,,0.0,0.46745562130177515,agent,,TEU,1,,272,0.0,0.0
,1,,,,0,,LOW,NEW,HIGH,8054.7,79.0,79.0,0,,0.0,0.46745562130177515,agent,,FEU,1,,272,0.0,0.0
,2,,,,0,,HIGH,RECURRING,HIGH,18214.08,79.0,79.0,0,,0.0,0.46745562130177515,agent,,TEU,3,,272,0.0,0.0
,2,,,,0,,HIGH,RECURRING,HIGH,18214.08,79.0,79.0,0,,0.0,0.46745562130177515,agent,,REEF,1,,272,0.0,0.0
,0,,,,0,,LOW,NEW,HIGH,17098.19,79.0,79.0,0,,0.0,0.46953937592867756,agent,,TEU,1,,273,0.0,0.0
,0,,,,0,,LOW,NEW,HIGH,17098.19,79.0,79.0,0,,0.0,0.46953937592867756,agent,,FEU,1,,273,0.0,0.0
,0,,,,0,,LOW,NEW,HIGH,17098.19,79.0,79.0,0,,0.0,0.46953937592867756,agent,,REEF,1,,273,0.0,0.0
,1,,,,0,,LOW,RECURRING,HIGH,2585.18,79.0,79.0,0,,0.0,0.46953937592867756,agent,,TEU,1,,273,0.0,0.0
,2,17,15,0.53125,1,2,HIGH,RECURRING,HIGH,18192.72,75.0,79.0,1,,5400.0,0.46953937592867756,agent,2,FEU,1,,273,15000.0,15000.0
,2,17,15,0.53125,1,2,HIGH,RECURRING,HIGH,18192.72,75.0,79.0,1,,9600.0,0.46953937592867756,agent,2,REEF,1,,273,15000.0,15000.0
,0,,,,0,,LOW,RECURRING,HIGH,16523.92,75.0,75.0,0,,0.0,0.44776119402985076,agent,,TEU,2,,274,0.0,0.0
,0,,,,0,,LOW,RECURRING,HIGH,16523.92,75.0,75.0,0,,0.0,0.44776119402985076,agent,,FEU,1,,274,0.0,0.0
,0,,,,0,,LOW,RECURRING,HIGH,16523.92,75.0,75.0,0,,0.0,0.44776119402985076,agent,,HC,1,,274,0.0,0.0
,1,,,,0,,HIGH,RECURRING,HIGH,6234.46,75.0,75.0,0,,0.0,0.44776119402985076,agent,,FEU,1,,274,0.0,0.0
,2,,,,0,,HIGH,RECURRING,HIGH,16438.73,75.0,75.0,0,,0.0,0.44776119402985076,agent,,TEU,1,,274,0.0,0.0
,2,,,,0,,HIGH,RECURRING,HIGH,16438.73,75.0,75.0,0,,0.0,0.44776119402985076,agent,,FEU,2,,274,0.0,0.0
,3,,,,0,,LOW,RECURRING,HIGH,25514.23,75.0,75.0,0,,0.0,0.44776119402985076,agent,,TEU,3,,274,0.0,0.0
,3,,,,0,,LOW,RECURRING,HIGH,25514.23,75.0,75.0,0,,0.0,0.44776119402985076,agent,,FEU,1,,274,0.0,0.0
,3,,,,0,,LOW,RECURRING,HIGH,25514.23,75.0,75.0,0,,0.0,0.44776119402985076,agent,,REEF,1,,274,0.0,0.0
,0,,,,0,,HIGH,NEW,HIGH,3489.01,75.0,75.0,0,,0.0,0.45045045045045046,agent,,TEU,1,,275,0.0,0.0
,1,,,,0,,LOW,NEW,HIGH,21030.74,75.0,75.0,0,,0.0,0.45045045045045046,agent,,FEU,2,,275,0.0,0.0
,1,,,,0,,LOW,NEW,HIGH,21030.74,75.0,75.0,0,,0.0,0.45045045045045046,agent,,HC,2,,275,0.0,0.0
,2,,,,0,,HIGH,NEW,HIGH,5916.63,75.0,75.0,0,,0.0,0.45045045045045046,agent,,TEU,2,,275,0.0,0.0
,3,,,,0,,LOW,NEW,HIGH,10044.4,75.0,75.0,0,,0.0,0.45045045045045046,agent,,REEF,1,,275,0.0,0.0
,0,,,,0,,HIGH,NEW,HIGH,11943.45,75.0,75.0,0,,0.0,0.45317220543806647,agent,,TEU,1,,276,0.0,0.0
,0,,,,0,,HIGH,NEW,HIGH,11943.45,75.0,75.0,0,,0.0,0.45317220543806647,agent,,REEF,1,,276,0.0,0.0
,1,,,,0,,LOW,NEW,HIGH,19753.54,75.0,75.0,0,,0.0,0.45317220543806647,agent,,TEU,3,,276,0.0,0.0
,1,,,,0,,LOW,NEW,HIGH,19753.54,75.0,75.0,0,,0.0,0.45317220543806647,agent,,HC,2,,276,0.0,0.0
,2,,,,0,,LOW,RECURRING,HIGH,9860.66,75.0,75.0,0,,0.0,0.45317220543806647,agent,,TEU,1,,276,0.0,0.0
,2,,,,0,,LOW,RECURRING,HIGH,9860.66,75.0,75.0,0,,0.0,0.45317220543806647,agent,,FEU,1,,276,0.0,0.0
,0,,,,0,,HIGH,RECURRING,HIGH,5003.47,75.0,75.0,0,,0.0,0.4552352048558422,agent,,FEU,1,,277,0.0,0.0
,1,,,,0,,HIGH,NEW,HIGH,23127.38,75.0,75.0,0,,0.0,0.4552352048558422,agent,,TEU,1,,277,0.0,0.0
,1,,,,0,,HIGH,NEW,HIGH,23127.38,75.0,75.0,0,,0.0,0.4552352048558422,agent,,FEU,1,,277,0.0,0.0
,1,,,,0,,HIGH,NEW,HIGH,23127.38,75.0,75.0,0,,0.0,0.4552352048558422,agent,,HC,1,,277,0.0,0.0
,1,,,,0,,HIGH,NEW,HIGH,23127.38,75.0,75.0,0,,0.0,0.4552352048558422,agent,,REEF,1,,277,0.0,0.0
,2,,,,0,,HIGH,RECURRING,HIGH,8150.04,75.0,75.0,0,,0.0,0.4552352048558422,agent,,REEF,1,,277,0.0,0.0
,3,18,15,0.5454545454545454,1,2,HIGH,RECURRING,HIGH,12682.47,71.0,75.0,1,,3000.0,0.4552352048558422,agent,2,TEU,2,,277,11400.0,11400.0
,3,18,15,0.5454545454545454,1,2,HIGH,RECURRING,HIGH,12682.47,71.0,75.0,1,,5400.0,0.4552352048558422,agent,2,FEU,1,,277,11400.0,11400.0
,0,18,15,0.5454545454545454,0,2,HIGH,RECURRING,HIGH,5481.19,71.0,71.0,1,,3000.0,0.433587786259542,agent,2,TEU,2,,278,6000.0,0.0
,1,,,,0,,HIGH,NEW,HIGH,2826.14,71.0,71.0,0,,0.0,0.433587786259542,agent,,TEU,1,,278,0.0,0.0
,2,18,15,0.5454545454545454,1,2,HIGH,RECURRING,HIGH,3279.34,70.0,71.0,1,,3000.0,0.433587786259542,agent,2,TEU,1,,278,3000.0,3000.0
,0,,,,0,,LOW,NEW,HIGH,12882.87,70.0,70.0,0,,0.0,0.4294478527607362,agent,,TEU,1,,279,0.0,0.0
,0,,,,0,,LOW,NEW,HIGH,12882.87,70.0,70.0,0,,0.0,0.4294478527607362,agent,,FEU,2,,279,0.0,0.0
,0,,,,0,,HIGH,NEW,HIGH,13079.64,70.0,70.0,0,,0.0,0.43010752688172044,agent,,TEU,1,,280,0.0,0.0
,0,,,,0,,HIGH,NEW,HIGH,13079.64,70.0,70.0,0,,0.0,0.43010752688172044,agent,,REEF,1,,280,0.0,0.0
,1,,,,0,,LOW,NEW,HIGH,17771.36,70.0,70.0,0,,0.0,0.43010752688172044,agent,,TEU,3,,280,0.0,0.0
,1,,,,0,,LOW,NEW,HIGH,17771.36,70.0,70.0,0,,0.0,0.43010752688172044,agent,,FEU,1,,280,0.0,0.0
,2,,,,0,,HIGH,NEW,HIGH,25648.83,70.0,70.0,0,,0.0,0.43010752688172044,agent,,TEU,4,,280,0.0,0.0
,2,,,,0,,HIGH,NEW,HIGH,25648.83,70.0,70.0,0,,0.0,0.43010752688172044,agent,,FEU,3,,280,0.0,0.0
,3,,,,0,,LOW,NEW,HIGH,12140.2,70.0,70.0,0,,0.0,0.43010752688172044,agent,,TEU,1,,280,0.0,0.0
,3,,,,0,,LOW,NEW,HIGH,12140.2,70.0,70.0,0,,0.0,0.43010752688172044,agent,,REEF,1,,280,0.0,0.0
,4,,,,0,,HIGH,NEW,HIGH,13326.89,70.0,70.0,0,,0.0,0.43010752688172044,agent,,FEU,1,,280,0.0,0.0
,4,,,,0,,HIGH,NEW,HIGH,13326.89,70.0,70.0,0,,0.0,0.43010752688172044,agent,,HC,1,,280,0.0,0.0
,0,,,,0,,HIGH,NEW,HIGH,25409.43,70.0,70.0,0,,0.0,0.43343653250773995,agent,,TEU,2,,281,0.0,0.0
,0,,,,0,,HIGH,NEW,HIGH,25409.43,70.0,70.0,0,,0.0,0.43343653250773995,agent,,FEU,1,,281,0.0,0.0
,0,,,,0,,HIGH,NEW,HIGH,25409.43,70.0,70.0,0,,0.0,0.43343653250773995,agent,,REEF,1,,281,0.0,0.0
,1,,,,0,,LOW,RECURRING,HIGH,5949.44,70.0,70.0,0,,0.0,0.43343653250773995,agent,,HC,1,,281,0.0,0.0
,2,,,,0,,HIGH,RECURRING,HIGH,20658.88,70.0,70.0,0,,0.0,0.43343653250773995,agent,,TEU,1,,281,0.0,0.0
,2,,,,0,,HIGH,RECURRING,HIGH,20658.88,70.0,70.0,0,,0.0,0.43343653250773995,agent,,FEU,1,,281,0.0,0.0
,2,,,,0,,HIGH,RECURRING,HIGH,20658.88,70.0,70.0,0,,0.0,0.43343653250773995,agent,,HC,1,,281,0.0,0.0
,2,,,,0,,HIGH,RECURRING,HIGH,20658.88,70.0,70.0,0,,0.0,0.43343653250773995,agent,,REEF,1,,281,0.0,0.0
,3,,,,0,,LOW,NEW,HIGH,16496.12,70.0,70.0,0,,0.0,0.43343653250773995,agent,,TEU,3,,281,0.0,0.0
,3,,,,0,,LOW,NEW,HIGH,16496.12,70.0,70.0,0,,0.0,0.43343653250773995,agent,,FEU,1,,281,0.0,0.0
,0,,,,0,,HIGH,NEW,HIGH,9484.87,70.0,70.0,0,,0.0,0.43613707165109034,agent,,TEU,1,,282,0.0,0.0
,0,,,,0,,HIGH,NEW,HIGH,9484.87,70.0,70.0,0,,0.0,0.43613707165109034,agent,,FEU,1,,282,0.0,0.0
,1,,,,0,,LOW,NEW,HIGH,16035.83,70.0,70.0,0,,0.0,0.43613707165109034,agent,,TEU,3,,282,0.0,0.0
,1,,,,0,,LOW,NEW,HIGH,16035.83,70.0,70.0,0,,0.0,0.43613707165109034,agent,,FEU,1,,282,0.0,0.0
,0,29,18,0.6170212765957447,0,2,LOW,RECURRING,HIGH,4815.51,70.0,70.0,1,,5400.0,0.4375,agent,2,FEU,1,,283,5400.0,0.0
,1,,,,0,,HIGH,NEW,HIGH,4635.99,70.0,70.0,0,,0.0,0.4375,agent,,FEU,1,,283,0.0,0.0
,2,,,,0,,LOW,RECURRING,HIGH,30752.49,70.0,70.0,0,,0.0,0.4375,agent,,TEU,1,,283,0.0,0.0
,2,,,,0,,LOW,RECURRING,HIGH,30752.49,70.0,70.0,0,,0.0,0.4375,agent,,HC,1,,283,0.0,0.0
,2,,,,0,,LOW,RECURRING,HIGH,30752.49,70.0,70.0,0,,0.0,0.4375,agent,,REEF,2,,283,0.0,0.0
,3,,,,0,,LOW,NEW,HIGH,15633.01,70.0,70.0,0,,0.0,0.4375,agent,,TEU,1,,283,0.0,0.0
,3,,,,0,,LOW,NEW,HIGH,15633.01,70.0,70.0,0,,0.0,0.4375,agent,,HC,1,,283,0.0,0.0
,3,,,,0,,LOW,NEW,HIGH,15633.01,70.0,70.0,0,,0.0,0.4375,agent,,REEF,1,,283,0.0,0.0
,0,,,,0,,LOW,NEW,HIGH,13177.74,70.0,70.0,0,,0.0,0.44025157232704404,agent,,TEU,2,,284,0.0,0.0
,0,,,,0,,LOW,NEW,HIGH,13177.74,70.0,70.0,0,,0.0,0.44025157232704404,agent,,HC,1,,284,0.0,0.0
,1,,,,0,,HIGH,RECURRING,HIGH,5879.55,70.0,70.0,0,,0.0,0.44025157232704404,agent,,FEU,1,,284,0.0,0.0
,2,,,,0,,LOW,RECURRING,HIGH,5773.12,70.0,70.0,0,,0.0,0.44025157232704404,agent,,FEU,1,,284,0.0,0.0
,0,,,,0,,HIGH,NEW,HIGH,10040.39,70.0,70.0,0,,0.0,0.4423380726698262,agent,,TEU,1,,285,0.0,0.0
,0,,,,0,,HIGH,NEW,HIGH,10040.39,70.0,70.0,0,,0.0,0.4423380726698262,agent,,FEU,1,,285,0.0,0.0
,1,,,,0,,HIGH,RECURRING,HIGH,12481.16,70.0,70.0,0,,0.0,0.4423380726698262,agent,,FEU,1,,285,0.0,0.0
,1,,,,0,,HIGH,RECURRING,HIGH,12481.16,70.0,70.0,0,,0.0,0.4423380726698262,agent,,HC,1,,285,0.0,0.0
,0,,,,0,,LOW,RECURRING,HIGH,7727.02,70.0,70.0,0,,0.0,0.4437400950871632,agent,,TEU,1,,286,0.0,0.0
,0,,,,0,,LOW,RECURRING,HIGH,7727.02,70.0,70.0,0,,0.0,0.4437400950871632,agent,,HC,1,,286,0.0,0.0
,1,,,,0,,HIGH,NEW,HIGH,16538.0,70.0,70.0,0,,0.0,0.4437400950871632,agent,,TEU,1,,286,0.0,0.0
,1,,,,0,,HIGH,NEW,HIGH,16538.0,70.0,70.0,0,,0.0,0.4437400950871632,agent,,FEU,2,,286,0.0,0.0
,2,,,,0,,LOW,NEW,HIGH,3279.92,70.0,70.0,0,,0.0,0.4437400950871632,agent,,TEU,1,,286,0.0,0.0
,3,,,,0,,LOW,NEW,HIGH,17814.08,70.0,70.0,0,,0.0,0.4437400950871632,agent,,TEU,2,,286,0.0,0.0
,3,,,,0,,LOW,NEW,HIGH,17814.08,70.0,70.0,0,,0.0,0.4437400950871632,agent,,FEU,2,,286,0.0,0.0
,0,,,,0,,HIGH,RECURRING,HIGH,3736.88,70.0,70.0,0,,0.0,0.44657097288676234,agent,,TEU,1,,287,0.0,0.0
,1,,,,0,,HIGH,RECURRING,HIGH,13945.78,70.0,70.0,0,,0.0,0.44657097288676234,agent,,TEU,1,,287,0.0,0.0
,1,,,,0,,HIGH,RECURRING,HIGH,13945.78,70.0,70.0,0,,0.0,0.44657097288676234,agent,,FEU,1,,287,0.0,0.0
,1,,,,0,,HIGH,RECURRING,HIGH,13945.78,70.0,70.0,0,,0.0,0.44657097288676234,agent,,HC,1,,287,0.0,0.0
,0,29,19,0.6041666666666666,1,2,LOW,RECURRING,HIGH,11703.51,66.0,70.0,1,,5400.0,0.448,agent,2,FEU,2,,288,10800.0,10800.0
,1,,,,0,,LOW,RECURRING,HIGH,14884.81,66.0,66.0,0,,0.0,0.448,agent,,TEU,4,,288,0.0,0.0
,1,,,,0,,LOW,RECURRING,HIGH,14884.81,66.0,66.0,0,,0.0,0.448,agent,,HC,1,,288,0.0,0.0
,2,,,,0,,LOW,NEW,HIGH,25720.36,66.0,66.0,0,,0.0,0.448,agent,,TEU,2,,288,0.0,0.0
,2,,,,0,,LOW,NEW,HIGH,25720.36,66.0,66.0,0,,0.0,0.448,agent,,HC,3,,288,0.0,0.0
,3,,,,0,,HIGH,NEW,HIGH,19115.18,66.0,66.0,0,,0.0,0.448,agent,,TEU,2,,288,0.0,0.0
,3,,,,0,,HIGH,NEW,HIGH,19115.18,66.0,66.0,0,,0.0,0.448,agent,,FEU,1,,288,0.0,0.0
,3,,,,0,,HIGH,NEW,HIGH,19115.18,66.0,66.0,0,,0.0,0.448,agent,,HC,1,,288,0.0,0.0
,4,,,,0,,HIGH,RECURRING,HIGH,7120.79,66.0,66.0,0,,0.0,0.448,agent,,HC,1,,288,0.0,0.0
,0,30,19,0.6122448979591837,1,2,LOW,RECURRING,HIGH,15053.09,61.0,66.0,1,,3000.0,0.4258064516129032,agent,2,TEU,1,,289,14160.0,14160.0
,0,30,19,0.6122448979591837,1,2,LOW,RECURRING,HIGH,15053.09,61.0,66.0,1,,5400.0,0.4258064516129032,agent,2,FEU,1,,289,14160.0,14160.0
,0,30,19,0.6122448979591837,1,2,LOW,RECURRING,HIGH,15053.09,61.0,66.0,1,,5760.0,0.4258064516129032,agent,2,HC,1,,289,14160.0,14160.0
,1,27,14,0.6585365853658537,1,2,HIGH,NEW,HIGH,7048.71,59.0,61.0,1,,5760.0,0.4258064516129032,agent,2,HC,1,,289,5760.0,5760.0
,2,,,,0,,HIGH,NEW,HIGH,8687.49,59.0,59.0,0,,0.0,0.4258064516129032,agent,,TEU,1,,289,0.0,0.0
,2,,,,0,,HIGH,NEW,HIGH,8687.49,59.0,59.0,0,,0.0,0.4258064516129032,agent,,FEU,1,,289,0.0,0.0
,3,,,,0,,HIGH,RECURRING,HIGH,14352.98,59.0,59.0,0,,0.0,0.4258064516129032,agent,,TEU,1,,289,0.0,0.0
,3,,,,0,,HIGH,RECURRING,HIGH,14352.98,59.0,59.0,0,,0.0,0.4258064516129032,agent,,FEU,1,,289,0.0,0.0
,3,,,,0,,HIGH,RECURRING,HIGH,14352.98,59.0,59.0,0,,0.0,0.4258064516129032,agent,,HC,1,,289,0.0,0.0
,4,,,,0,,HIGH,NEW,HIGH,14323.38,59.0,59.0,0,,0.0,0.4258064516129032,agent,,TEU,4,,289,0.0,0.0
,5,,,,0,,LOW,NEW,HIGH,24062.32,59.0,59.0,0,,0.0,0.4258064516129032,agent,,TEU,1,,289,0.0,0.0
,5,,,,0,,LOW,NEW,HIGH,24062.32,59.0,59.0,0,,0.0,0.4258064516129032,agent,,FEU,2,,289,0.0,0.0
,5,,,,0,,LOW,NEW,HIGH,24062.32,59.0,59.0,0,,0.0,0.4258064516129032,agent,,HC,1,,289,0.0,0.0
,0,,,,0,,LOW,NEW,HIGH,22597.19,59.0,59.0,0,,0.0,0.38436482084690554,agent,,TEU,1,,290,0.0,0.0
,0,,,,0,,LOW,NEW,HIGH,22597.19,59.0,59.0,0,,0.0,0.38436482084690554,agent,,FEU,3,,290,0.0,0.0
,1,,,,0,,HIGH,RECURRING,HIGH,17656.76,59.0,59.0,0,,0.0,0.38436482084690554,agent,,HC,1,,290,0.0,0.0
,1,,,,0,,HIGH,RECURRING,HIGH,17656.76,59.0,59.0,0,,0.0,0.38436482084690554,agent,,REEF,1,,290,0.0,0.0
,2,,,,0,,LOW,NEW,HIGH,8618.92,59.0,59.0,0,,0.0,0.38436482084690554,agent,,TEU,1,,290,0.0,0.0
,2,,,,0,,LOW,NEW,HIGH,8618.92,59.0,59.0,0,,0.0,0.38436482084690554,agent,,FEU,1,,290,0.0,0.0
,3,,,,0,,HIGH,NEW,HIGH,3162.68,59.0,59.0,0,,0.0,0.38436482084690554,agent,,TEU,1,,290,0.0,0.0
,0,,,,0,,LOW,NEW,HIGH,26246.62,59.0,59.0,0,,0.0,0.38688524590163936,agent,,TEU,1,,291,0.0,0.0
,0,,,,0,,LOW,NEW,HIGH,26246.62,59.0,59.0,0,,0.0,0.38688524590163936,agent,,FEU,1,,291,0.0,0.0
,0,,,,0,,LOW,NEW,HIGH,26246.62,59.0,59.0,0,,0.0,0.38688524590163936,agent,,HC,1,,291,0.0,0.0
,0,,,,0,,LOW,NEW,HIGH,26246.62,59.0,59.0,0,,0.0,0.38688524590163936,agent,,REEF,1,,291,0.0,0.0
,1,,,,0,,LOW,NEW,HIGH,20812.12,59.0,59.0,0,,0.0,0.38688524590163936,agent,,TEU,4,,291,0.0,0.0
,1,,,,0,,LOW,NEW,HIGH,20812.12,59.0,59.0,0,,0.0,0.38688524590163936,agent,,FEU,1,,291,0.0,0.0
,1,,,,0,,LOW,NEW,HIGH,20812.12,59.0,59.0,0,,0.0,0.38688524590163936,agent,,HC,1,,291,0.0,0.0
,2,,,,0,,LOW,NEW,HIGH,17870.1,59.0,59.0,0,,0.0,0.38688524590163936,agent,,FEU,2,,291,0.0,0.0
,2,,,,0,,LOW,NEW,HIGH,17870.1,59.0,59.0,0,,0.0,0.38688524590163936,agent,,HC,1,,291,0.0,0.0
,0,,,,0,,LOW,RECURRING,HIGH,19178.43,59.0,59.0,0,,0.0,0.38879736408566723,agent,,TEU,2,,292,0.0,0.0
,0,,,,0,,LOW,RECURRING,HIGH,19178.43,59.0,59.0,0,,0.0,0.38879736408566723,agent,,FEU,3,,292,0.0,0.0
,1,,,,0,,LOW,NEW,HIGH,16825.81,59.0,59.0,0,,0.0,0.38879736408566723,agent,,FEU,3,,292,0.0,0.0
,2,,,,0,,HIGH,NEW,HIGH,5659.27,59.0,59.0,0,,0.0,0.38879736408566723,agent,,FEU,1,,292,0.0,0.0
,0,,,,0,,LOW,NEW,HIGH,10455.21,59.0,59.0,0,,0.0,0.39072847682119205,agent,,REEF,1,,293,0.0,0.0
,0,,,,0,,HIGH,NEW,HIGH,13846.77,59.0,59.0,0,,0.0,0.3913764510779436,agent,,TEU,1,,294,0.0,0.0
,0,,,,0,,HIGH,NEW,HIGH,13846.77,59.0,59.0,0,,0.0,0.3913764510779436,agent,,FEU,2,,294,0.0,0.0
,1,,,,0,,HIGH,NEW,HIGH,11813.41,59.0,59.0,0,,0.0,0.3913764510779436,agent,,FEU,1,,294,0.0,0.0
,1,,,,0,,HIGH,NEW,HIGH,11813.41,59.0,59.0,0,,0.0,0.3913764510779436,agent,,HC,1,,294,0.0,0.0
,2,,,,0,,HIGH,NEW,HIGH,7053.97,59.0,59.0,0,,0.0,0.3913764510779436,agent,,TEU,1,,294,0.0,0.0
,2,,,,0,,HIGH,NEW,HIGH,7053.97,59.0,59.0,0,,0.0,0.3913764510779436,agent,,FEU,1,,294,0.0,0.0
,3,,,,0,,LOW,RECURRING,HIGH,18097.51,59.0,59.0,0,,0.0,0.3913764510779436,agent,,TEU,2,,294,0.0,0.0
,3,,,,0,,LOW,RECURRING,HIGH,18097.51,59.0,59.0,0,,0.0,0.3913764510779436,agent,,REEF,1,,294,0.0,0.0
,0,,,,0,,LOW,NEW,HIGH,6418.23,59.0,59.0,0,,0.0,0.39398998330550916,agent,,FEU,1,,295,0.0,0.0
,1,,,,0,,LOW,RECURRING,HIGH,7333.89,59.0,59.0,0,,0.0,0.39398998330550916,agent,,TEU,2,,295,0.0,0.0
,2,28,14,0.6666666666666666,1,2,HIGH,NEW,HIGH,3086.75,58.0,59.0,1,,3000.0,0.39398998330550916,agent,2,TEU,1,,295,3000.0,3000.0
,3,,,,0,,LOW,NEW,HIGH,25884.31,58.0,58.0,0,,0.0,0.39398998330550916,agent,,TEU,2,,295,0.0,0.0
,3,,,,0,,LOW,NEW,HIGH,25884.31,58.0,58.0,0,,0.0,0.39398998330550916,agent,,FEU,1,,295,0.0,0.0
,3,,,,0,,LOW,NEW,HIGH,25884.31,58.0,58.0,0,,0.0,0.39398998330550916,agent,,HC,2,,295,0.0,0.0
,0,,,,0,,LOW,NEW,HIGH,8070.67,58.0,58.0,0,,0.0,0.3899159663865546,agent,,TEU,1,,296,0.0,0.0
,0,,,,0,,LOW,NEW,HIGH,8070.67,58.0,58.0,0,,0.0,0.3899159663865546,agent,,HC,1,,296,0.0,0.0
,0,,,,0,,LOW,RECURRING,HIGH,13687.31,58.0,58.0,0,,0.0,0.39057239057239057,agent,,TEU,4,,297,0.0,0.0
,1,,,,0,,HIGH,NEW,HIGH,13857.86,58.0,58.0,0,,0.0,0.39057239057239057,agent,,FEU,1,,297,0.0,0.0
,1,,,,0,,HIGH,NEW,HIGH,13857.86,58.0,58.0,0,,0.0,0.39057239057239057,agent,,HC,1,,297,0.0,0.0
,2,,,,0,,LOW,NEW,HIGH,19352.45,58.0,58.0,0,,0.0,0.39057239057239057,agent,,TEU,2,,297,0.0,0.0
,2,,,,0,,LOW,NEW,HIGH,19352.45,58.0,58.0,0,,0.0,0.39057239057239057,agent,,FEU,1,,297,0.0,0.0
,2,,,,0,,LOW,NEW,HIGH,19352.45,58.0,58.0,0,,0.0,0.39057239057239057,agent,,HC,1,,297,0.0,0.0
,0,,,,0,,LOW,RECURRING,HIGH,30549.52,58.0,58.0,0,,0.0,0.3925549915397631,agent,,TEU,6,,298,0.0,0.0
,0,,,,0,,LOW,RECURRING,HIGH,30549.52,58.0,58.0,0,,0.0,0.3925549915397631,agent,,HC,2,,298,0.0,0.0
,1,29,14,0.6744186046511628,1,2,HIGH,NEW,HIGH,6207.89,56.0,58.0,1,,5400.0,0.3925549915397631,agent,2,FEU,1,,298,5400.0,5400.0
,2,,,,0,,LOW,NEW,HIGH,11426.88,56.0,56.0,0,,0.0,0.3925549915397631,agent,,FEU,1,,298,0.0,0.0
,2,,,,0,,LOW,NEW,HIGH,11426.88,56.0,56.0,0,,0.0,0.3925549915397631,agent,,HC,1,,298,0.0,0.0
,3,,,,0,,LOW,NEW,HIGH,15761.58,56.0,56.0,0,,0.0,0.3925549915397631,agent,,TEU,1,,298,0.0,0.0
,3,,,,0,,LOW,NEW,HIGH,15761.58,56.0,56.0,0,,0.0,0.3925549915397631,agent,,FEU,2,,298,0.0,0.0
,4,,,,0,,LOW,NEW,HIGH,21107.59,56.0,56.0,0,,0.0,0.3925549915397631,agent,,TEU,1,,298,0.0,0.0
,4,,,,0,,LOW,NEW,HIGH,21107.59,56.0,56.0,0,,0.0,0.3925549915397631,agent,,FEU,1,,298,0.0,0.0
,4,,,,0,,LOW,NEW,HIGH,21107.59,56.0,56.0,0,,0.0,0.3925549915397631,agent,,REEF,1,,298,0.0,0.0
,0,,,,0,,LOW,RECURRING,HIGH,8354.77,56.0,56.0,0,,0.0,0.3822525597269625,agent,,TEU,3,,299,0.0,0.0
,1,,,,0,,HIGH,NEW,HIGH,5059.23,56.0,56.0,0,,0.0,0.3822525597269625,agent,,HC,1,,299,0.0,0.0
,2,,,,0,,LOW,NEW,HIGH,16806.1,56.0,56.0,0,,0.0,0.3822525597269625,agent,,FEU,1,,299,0.0,0.0
,2,,,,0,,LOW,NEW,HIGH,16806.1,56.0,56.0,0,,0.0,0.3822525597269625,agent,,REEF,1,,299,0.0,0.0
,0,,,,0,,LOW,NEW,HIGH,2686.92,56.0,56.0,0,,0.0,0.38421955403087477,agent,,TEU,1,,300,0.0,0.0
,1,,,,0,,LOW,NEW,HIGH,7548.97,56.0,56.0,0,,0.0,0.38421955403087477,agent,,TEU,1,,300,0.0,0.0
,1,,,,0,,LOW,NEW,HIGH,7548.97,56.0,56.0,0,,0.0,0.38421955403087477,agent,,HC,1,,300,0.0,0.0
,2,,,,0,,HIGH,NEW,HIGH,2505.85,56.0,56.0,0,,0.0,0.38421955403087477,agent,,TEU,1,,300,0.0,0.0
,3,,,,0,,HIGH,RECURRING,HIGH,35625.13,56.0,56.0,0,,0.0,0.38421955403087477,agent,,TEU,2,,300,0.0,0.0
,3,,,,0,,HIGH,RECURRING,HIGH,35625.13,56.0,56.0,0,,0.0,0.38421955403087477,agent,,FEU,2,,300,0.0,0.0
,3,,,,0,,HIGH,RECURRING,HIGH,35625.13,56.0,56.0,0,,0.0,0.38421955403087477,agent,,HC,1,,300,0.0,0.0
,3,,,,0,,HIGH,RECURRING,HIGH,35625.13,56.0,56.0,0,,0.0,0.38421955403087477,agent,,REEF,1,,300,0.0,0.0
,4,,,,0,,LOW,RECURRING,HIGH,8094.69,56.0,56.0,0,,0.0,0.38421955403087477,agent,,TEU,1,,300,0.0,0.0
,4,,,,0,,LOW,RECURRING,HIGH,8094.69,56.0,56.0,0,,0.0,0.38421955403087477,agent,,HC,1,,300,0.0,0.0
,5,,,,0,,LOW,RECURRING,HIGH,7305.41,56.0,56.0,0,,0.0,0.38421955403087477,agent,,TEU,1,,300,0.0,0.0
,5,,,,0,,LOW,RECURRING,HIGH,7305.41,56.0,56.0,0,,0.0,0.38421955403087477,agent,,FEU,1,,300,0.0,0.0
,6,,,,0,,LOW,NEW,HIGH,4824.98,56.0,56.0,0,,0.0,0.38421955403087477,agent,,HC,1,,300,0.0,0.0
,7,,,,0,,LOW,NEW,HIGH,36922.03,56.0,56.0,0,,0.0,0.38421955403087477,agent,,FEU,3,,300,0.0,0.0
,7,,,,0,,LOW,NEW,HIGH,36922.03,56.0,56.0,0,,0.0,0.38421955403087477,agent,,HC,1,,300,0.0,0.0
,7,,,,0,,LOW,NEW,HIGH,36922.03,56.0,56.0,0,,0.0,0.38421955403087477,agent,,REEF,1,,300,0.0,0.0
,0,,,,0,,LOW,NEW,HIGH,3114.57,56.0,56.0,0,,0.0,0.38956521739130434,agent,,TEU,1,,301,0.0,0.0
,1,,,,0,,LOW,NEW,HIGH,14058.63,56.0,56.0,0,,0.0,0.38956521739130434,agent,,TEU,2,,301,0.0,0.0
,1,,,,0,,LOW,NEW,HIGH,14058.63,56.0,56.0,0,,0.0,0.38956521739130434,agent,,FEU,1,,301,0.0,0.0
,0,,,,0,,LOW,NEW,HIGH,3499.88,56.0,56.0,0,,0.0,0.39092495636998253,agent,,TEU,1,,302,0.0,0.0
,1,,,,0,,HIGH,RECURRING,HIGH,5977.84,56.0,56.0,0,,0.0,0.39092495636998253,agent,,FEU,1,,302,0.0,0.0
,2,,,,0,,HIGH,NEW,HIGH,6592.75,56.0,56.0,0,,0.0,0.39092495636998253,agent,,HC,1,,302,0.0,0.0
,0,30,21,0.5882352941176471,1,2,LOW,NEW,HIGH,25639.04,48.0,56.0,1,,3000.0,0.3929824561403509,agent,2,TEU,2,,303,22920.0,22920.0
,0,30,21,0.5882352941176471,1,2,LOW,NEW,HIGH,25639.04,48.0,56.0,1,,5400.0,0.3929824561403509,agent,2,FEU,1,,303,22920.0,22920.0
,0,30,21,0.5882352941176471,1,2,LOW,NEW,HIGH,25639.04,48.0,56.0,1,,5760.0,0.3929824561403509,agent,2,HC,2,,303,22920.0,22920.0
,1,,,,0,,HIGH,RECURRING,HIGH,2909.0,48.0,48.0,0,,0.0,0.3929824561403509,agent,,TEU,1,,303,0.0,0.0
,0,30,14,0.6818181818181818,0,2,HIGH,NEW,HIGH,5372.78,48.0,48.0,1,,5400.0,0.3380281690140845,agent,2,FEU,1,,304,5400.0,0.0
,1,,,,0,,HIGH,RECURRING,HIGH,13390.55,48.0,48.0,0,,0.0,0.3380281690140845,agent,,TEU,1,,304,0.0,0.0
,1,,,,0,,HIGH,RECURRING,HIGH,13390.55,48.0,48.0,0,,0.0,0.3380281690140845,agent,,FEU,2,,304,0.0,0.0
,2,,,,0,,LOW,RECURRING,HIGH,5518.59,48.0,48.0,0,,0.0,0.3380281690140845,agent,,HC,1,,304,0.0,0.0
,0,,,,0,,LOW,NEW,HIGH,13680.22,48.0,48.0,0,,0.0,0.3398230088495575,agent,,TEU,1,,305,0.0,0.0
,0,,,,0,,LOW,NEW,HIGH,13680.22,48.0,48.0,0,,0.0,0.3398230088495575,agent,,FEU,2,,305,0.0,0.0
,1,,,,0,,HIGH,RECURRING,HIGH,2610.55,48.0,48.0,0,,0.0,0.3398230088495575,agent,,TEU,1,,305,0.0,0.0
,2,,,,0,,LOW,NEW,HIGH,10948.28,48.0,48.0,0,,0.0,0.3398230088495575,agent,,TEU,1,,305,0.0,0.0
,2,,,,0,,LOW,NEW,HIGH,10948.28,48.0,48.0,0,,0.0,0.3398230088495575,agent,,HC,1,,305,0.0,0.0
,3,,,,0,,HIGH,NEW,HIGH,6274.49,48.0,48.0,0,,0.0,0.3398230088495575,agent,,FEU,1,,305,0.0,0.0
,4,,,,0,,HIGH,NEW,HIGH,9083.36,48.0,48.0,0,,0.0,0.3398230088495575,agent,,TEU,1,,305,0.0,0.0
,4,,,,0,,HIGH,NEW,HIGH,9083.36,48.0,48.0,0,,0.0,0.3398230088495575,agent,,FEU,1,,305,0.0,0.0
,5,,,,0,,HIGH,NEW,HIGH,8756.31,48.0,48.0,0,,0.0,0.3398230088495575,agent,,TEU,1,,305,0.0,0.0
,5,,,,0,,HIGH,NEW,HIGH,8756.31,48.0,48.0,0,,0.0,0.3398230088495575,agent,,HC,1,,305,0.0,0.0
,0,,,,0,,LOW,NEW,HIGH,9374.02,48.0,48.0,0,,0.0,0.3434704830053667,agent,,TEU,1,,306,0.0,0.0
,0,,,,0,,LOW,NEW,HIGH,9374.02,48.0,48.0,0,,0.0,0.3434704830053667,agent,,FEU,1,,306,0.0,0.0
,1,,,,0,,LOW,NEW,HIGH,6711.07,48.0,48.0,0,,0.0,0.3434704830053667,agent,,TEU,2,,306,0.0,0.0
,0,,,,0,,LOW,RECURRING,HIGH,5412.29,48.0,48.0,0,,0.0,0.34470377019748655,agent,,FEU,1,,307,0.0,0.0
,1,,,,0,,HIGH,NEW,HIGH,16680.55,48.0,48.0,0,,0.0,0.34470377019748655,agent,,TEU,4,,307,0.0,0.0
,1,,,,0,,HIGH,NEW,HIGH,16680.55,48.0,48.0,0,,0.0,0.34470377019748655,agent,,HC,1,,307,0.0,0.0
,0,,,,0,,LOW,NEW,HIGH,9758.53,48.0,48.0,0,,0.0,0.34594594594594597,agent,,TEU,1,,308,0.0,0.0
,0,,,,0,,LOW,NEW,HIGH,9758.53,48.0,48.0,0,,0.0,0.34594594594594597,agent,,FEU,1,,308,0.0,0.0
,1,,,,0,,HIGH,NEW,HIGH,4640.63,48.0,48.0,0,,0.0,0.34594594594594597,agent,,FEU,1,,308,0.0,0.0
,0,,,,0,,LOW,NEW,HIGH,10201.12,48.0,48.0,0,,0.0,0.3471971066907776,agent,,TEU,1,,309,0.0,0.0
,0,,,,0,,LOW,NEW,HIGH,10201.12,48.0,48.0,0,,0.0,0.3471971066907776,agent,,FEU,1,,309,0.0,0.0
,0,,,,0,,HIGH,RECURRING,HIGH,18676.53,48.0,48.0,0,,0.0,0.34782608695652173,agent,,TEU,4,,310,0.0,0.0
,0,,,,0,,HIGH,RECURRING,HIGH,18676.53,48.0,48.0,0,,0.0,0.34782608695652173,agent,,HC,1,,310,0.0,0.0
,0,,,,0,,HIGH,NEW,HIGH,14341.96,48.0,48.0,0,,0.0,0.3484573502722323,agent,,TEU,1,,312,0.0,0.0
,0,,,,0,,HIGH,NEW,HIGH,14341.96,48.0,48.0,0,,0.0,0.3484573502722323,agent,,REEF,1,,312,0.0,0.0
,1,,,,0,,LOW,NEW,HIGH,24117.37,48.0,48.0,0,,0.0,0.3484573502722323,agent,,TEU,2,,312,0.0,0.0
,1,,,,0,,LOW,NEW,HIGH,24117.37,48.0,48.0,0,,0.0,0.3484573502722323,agent,,HC,1,,312,0.0,0.0
,1,,,,0,,LOW,NEW,HIGH,24117.37,48.0,48.0,0,,0.0,0.3484573502722323,agent,,REEF,1,,312,0.0,0.0
,0,,,,0,,HIGH,RECURRING,HIGH,36684.02,48.0,48.0,0,,0.0,0.34972677595628415,agent,,TEU,3,,313,0.0,0.0
,0,,,,0,,HIGH,RECURRING,HIGH,36684.02,48.0,48.0,0,,0.0,0.34972677595628415,agent,,FEU,2,,313,0.0,0.0
,0,,,,0,,HIGH,RECURRING,HIGH,36684.02,48.0,48.0,0,,0.0,0.34972677595628415,agent,,HC,2,,313,0.0,0.0
,1,,,,0,,LOW,RECURRING,HIGH,3254.88,48.0,48.0,0,,0.0,0.34972677595628415,agent,,TEU,1,,313,0.0,0.0
,2,31,19,0.62,1,2,LOW,RECURRING,HIGH,36270.57,39.0,48.0,1,,3000.0,0.34972677595628415,agent,2,TEU,1,,313,29160.0,29160.0
,2,31,19,0.62,1,2,LOW,RECURRING,HIGH,36270.57,39.0,48.0,1,,5400.0,0.34972677595628415,agent,2,FEU,2,,313,29160.0,29160.0
,2,31,19,0.62,1,2,LOW,RECURRING,HIGH,36270.57,39.0,48.0,1,,5760.0,0.34972677595628415,agent,2,HC,1,,313,29160.0,29160.0
,2,31,19,0.62,1,2,LOW,RECURRING,HIGH,36270.57,39.0,48.0,1,,9600.0,0.34972677595628415,agent,2,REEF,1,,313,29160.0,29160.0
,3,,,,0,,LOW,NEW,HIGH,10603.17,39.0,39.0,0,,0.0,0.34972677595628415,agent,,TEU,2,,313,0.0,0.0
,3,,,,0,,LOW,NEW,HIGH,10603.17,39.0,39.0,0,,0.0,0.34972677595628415,agent,,HC,1,,313,0.0,0.0
,4,,,,0,,HIGH,NEW,HIGH,6092.0,39.0,39.0,0,,0.0,0.34972677595628415,agent,,HC,1,,313,0.0,0.0
,0,,,,0,,LOW,RECURRING,HIGH,10899.2,39.0,39.0,0,,0.0,0.2867647058823529,agent,,REEF,1,,314,0.0,0.0
,1,,,,0,,LOW,NEW,HIGH,16962.44,39.0,39.0,0,,0.0,0.2867647058823529,agent,,TEU,5,,314,0.0,0.0
,0,,,,0,,LOW,RECURRING,HIGH,7393.31,39.0,39.0,0,,0.0,0.2878228782287823,agent,,TEU,1,,315,0.0,0.0
,0,,,,0,,LOW,RECURRING,HIGH,7393.31,39.0,39.0,0,,0.0,0.2878228782287823,agent,,FEU,1,,315,0.0,0.0
,1,30,15,0.6666666666666666,1,2,HIGH,NEW,HIGH,29992.71,30.0,39.0,1,,3000.0,0.2878228782287823,agent,2,TEU,1,,315,24600.0,24600.0
,1,30,15,0.6666666666666666,1,2,HIGH,NEW,HIGH,29992.71,30.0,39.0,1,,5400.0,0.2878228782287823,agent,2,FEU,4,,315,24600.0,24600.0
,2,,,,0,,HIGH,RECURRING,HIGH,28500.88,30.0,30.0,0,,0.0,0.2878228782287823,agent,,TEU,4,,315,0.0,0.0
,2,,,,0,,HIGH,RECURRING,HIGH,28500.88,30.0,30.0,0,,0.0,0.2878228782287823,agent,,FEU,1,,315,0.0,0.0
,2,,,,0,,HIGH,RECURRING,HIGH,28500.88,30.0,30.0,0,,0.0,0.2878228782287823,agent,,HC,1,,315,0.0,0.0
,3,,,,0,,LOW,RECURRING,HIGH,5455.95,30.0,30.0,0,,0.0,0.2878228782287823,agent,,HC,1,,315,0.0,0.0
,4,,,,0,,LOW,NEW,HIGH,18595.83,30.0,30.0,0,,0.0,0.2878228782287823,agent,,TEU,2,,315,0.0,0.0
,4,,,,0,,LOW,NEW,HIGH,18595.83,30.0,30.0,0,,0.0,0.2878228782287823,agent,,FEU,1,,315,0.0,0.0
,4,,,,0,,LOW,NEW,HIGH,18595.83,30.0,30.0,0,,0.0,0.2878228782287823,agent,,HC,1,,315,0.0,0.0
,5,,,,0,,LOW,NEW,HIGH,20689.5,30.0,30.0,0,,0.0,0.2878228782287823,agent,,FEU,1,,315,0.0,0.0
,5,,,,0,,LOW,NEW,HIGH,20689.5,30.0,30.0,0,,0.0,0.2878228782287823,agent,,HC,1,,315,0.0,0.0
,5,,,,0,,LOW,NEW,HIGH,20689.5,30.0,30.0,0,,0.0,0.2878228782287823,agent,,REEF,1,,315,0.0,0.0
,6,,,,0,,HIGH,NEW,HIGH,15720.68,30.0,30.0,0,,0.0,0.2878228782287823,agent,,TEU,2,,315,0.0,0.0
,6,,,,0,,HIGH,NEW,HIGH,15720.68,30.0,30.0,0,,0.0,0.2878228782287823,agent,,FEU,2,,315,0.0,0.0
,7,,,,0,,HIGH,RECURRING,HIGH,14211.72,30.0,30.0,0,,0.0,0.2878228782287823,agent,,TEU,1,,315,0.0,0.0
,7,,,,0,,HIGH,RECURRING,HIGH,14211.72,30.0,30.0,0,,0.0,0.2878228782287823,agent,,FEU,2,,315,0.0,0.0
,0,,,,0,,HIGH,RECURRING,HIGH,8589.29,30.0,30.0,0,,0.0,0.2247191011235955,agent,,REEF,1,,316,0.0,0.0
,1,,,,0,,LOW,NEW,HIGH,16014.74,30.0,30.0,0,,0.0,0.2247191011235955,agent,,TEU,1,,316,0.0,0.0
,1,,,,0,,LOW,NEW,HIGH,16014.74,30.0,30.0,0,,0.0,0.2247191011235955,agent,,FEU,1,,316,0.0,0.0
,1,,,,0,,LOW,NEW,HIGH,16014.74,30.0,30.0,0,,0.0,0.2247191011235955,agent,,HC,1,,316,0.0,0.0
,0,,,,0,,LOW,RECURRING,HIGH,3720.44,30.0,30.0,0,,0.0,0.22556390977443608,agent,,TEU,1,,317,0.0,0.0
,1,,,,0,,LOW,RECURRING,HIGH,5643.3,30.0,30.0,0,,0.0,0.22556390977443608,agent,,HC,1,,317,0.0,0.0
,2,,,,0,,LOW,NEW,HIGH,18954.64,30.0,30.0,0,,0.0,0.22556390977443608,agent,,FEU,3,,317,0.0,0.0
,3,,,,0,,HIGH,NEW,HIGH,5954.65,30.0,30.0,0,,0.0,0.22556390977443608,agent,,TEU,2,,317,0.0,0.0
,4,,,,0,,LOW,RECURRING,HIGH,5444.72,30.0,30.0,0,,0.0,0.22556390977443608,agent,,FEU,1,,317,0.0,0.0
,5,,,,0,,LOW,NEW,HIGH,9553.12,30.0,30.0,0,,0.0,0.22556390977443608,agent,,TEU,2,,317,0.0,0.0
,5,,,,0,,LOW,NEW,HIGH,9553.12,30.0,30.0,0,,0.0,0.22556390977443608,agent,,FEU,1,,317,0.0,0.0
,0,,,,0,,HIGH,NEW,HIGH,3259.79,30.0,30.0,0,,0.0,0.22813688212927757,agent,,TEU,1,,318,0.0,0.0
,1,,,,0,,LOW,NEW,HIGH,25108.5,30.0,30.0,0,,0.0,0.22813688212927757,agent,,TEU,1,,318,0.0,0.0
,1,,,,0,,LOW,NEW,HIGH,25108.5,30.0,30.0,0,,0.0,0.22813688212927757,agent,,FEU,1,,318,0.0,0.0
,1,,,,0,,LOW,NEW,HIGH,25108.5,30.0,30.0,0,,0.0,0.22813688212927757,agent,,HC,2,,318,0.0,0.0
,1,,,,0,,LOW,NEW,HIGH,25108.5,30.0,30.0,0,,0.0,0.22813688212927757,agent,,REEF,1,,318,0.0,0.0
,2,,,,0,,LOW,RECURRING,HIGH,7141.67,30.0,30.0,0,,0.0,0.22813688212927757,agent,,TEU,2,,318,0.0,0.0
,3,,,,0,,LOW,NEW,HIGH,13610.31,30.0,30.0,0,,0.0,0.22813688212927757,agent,,TEU,1,,318,0.0,0.0
,3,,,,0,,LOW,NEW,HIGH,13610.31,30.0,30.0,0,,0.0,0.22813688212927757,agent,,FEU,1,,318,0.0,0.0
,3,,,,0,,LOW,NEW,HIGH,13610.31,30.0,30.0,0,,0.0,0.22813688212927757,agent,,HC,1,,318,0.0,0.0
,4,,,,0,,HIGH,RECURRING,HIGH,11794.86,30.0,30.0,0,,0.0,0.22813688212927757,agent,,TEU,2,,318,0.0,0.0
,4,,,,0,,HIGH,RECURRING,HIGH,11794.86,30.0,30.0,0,,0.0,0.22813688212927757,agent,,FEU,1,,318,0.0,0.0
,0,,,,0,,HIGH,RECURRING,HIGH,9836.02,30.0,30.0,0,,0.0,0.23032629558541268,agent,,TEU,1,,319,0.0,0.0
,0,,,,0,,HIGH,RECURRING,HIGH,9836.02,30.0,30.0,0,,0.0,0.23032629558541268,agent,,FEU,1,,319,0.0,0.0
,1,,,,0,,LOW,RECURRING,HIGH,3380.09,30.0,30.0,0,,0.0,0.23032629558541268,agent,,TEU,1,,319,0.0,0.0
,2,,,,0,,LOW,RECURRING,HIGH,16066.98,30.0,30.0,0,,0.0,0.23032629558541268,agent,,TEU,1,,319,0.0,0.0
,2,,,,0,,LOW,RECURRING,HIGH,16066.98,30.0,30.0,0,,0.0,0.23032629558541268,agent,,FEU,2,,319,0.0,0.0
,3,,,,0,,HIGH,NEW,HIGH,11320.02,30.0,30.0,0,,0.0,0.23032629558541268,agent,,TEU,1,,319,0.0,0.0
,3,,,,0,,HIGH,NEW,HIGH,11320.02,30.0,30.0,0,,0.0,0.23032629558541268,agent,,REEF,1,,319,0.0,0.0
,0,,,,0,,HIGH,RECURRING,HIGH,11811.13,30.0,30.0,0,,0.0,0.23210831721470018,agent,,TEU,1,,320,0.0,0.0
,0,,,,0,,HIGH,RECURRING,HIGH,11811.13,30.0,30.0,0,,0.0,0.23210831721470018,agent,,FEU,2,,320,0.0,0.0
,1,,,,0,,HIGH,NEW,HIGH,6435.93,30.0,30.0,0,,0.0,0.23210831721470018,agent,,HC,1,,320,0.0,0.0
,2,31,21,0.5961538461538461,0,2,LOW,NEW,HIGH,17988.84,30.0,30.0,1,,3000.0,0.23210831721470018,agent,2,TEU,1,,320,18360.0,0.0
,2,31,21,0.5961538461538461,0,2,LOW,NEW,HIGH,17988.84,30.0,30.0,1,,5760.0,0.23210831721470018,agent,2,HC,1,,320,18360.0,0.0
,2,31,21,0.5961538461538461,0,2,LOW,NEW,HIGH,17988.84,30.0,30.0,1,,9600.0,0.23210831721470018,agent,2,REEF,1,,320,18360.0,0.0
,0,,,,0,,HIGH,NEW,HIGH,3478.52,30.0,30.0,0,,0.0,0.23346303501945526,agent,,TEU,1,,321,0.0,0.0
,0,,,,0,,HIGH,NEW,HIGH,4753.46,30.0,30.0,0,,0.0,0.23391812865497075,agent,,FEU,1,,322,0.0,0.0
,1,,,,0,,LOW,NEW,HIGH,5768.55,30.0,30.0,0,,0.0,0.23391812865497075,agent,,TEU,2,,322,0.0,0.0
,2,,,,0,,HIGH,RECURRING,HIGH,6469.63,30.0,30.0,0,,0.0,0.23391812865497075,agent,,HC,1,,322,0.0,0.0
,0,,,,0,,LOW,NEW,HIGH,5296.09,30.0,30.0,0,,0.0,0.23529411764705882,agent,,TEU,2,,323,0.0,0.0
,1,,,,0,,LOW,RECURRING,HIGH,6482.66,30.0,30.0,0,,0.0,0.23529411764705882,agent,,FEU,1,,323,0.0,0.0
,2,,,,0,,HIGH,NEW,HIGH,7322.32,30.0,30.0,0,,0.0,0.23529411764705882,agent,,TEU,1,,323,0.0,0.0
,2,,,,0,,HIGH,NEW,HIGH,7322.32,30.0,30.0,0,,0.0,0.23529411764705882,agent,,FEU,1,,323,0.0,0.0
,3,,,,0,,LOW,RECURRING,HIGH,21709.32,30.0,30.0,0,,0.0,0.23529411764705882,agent,,TEU,5,,323,0.0,0.0
,3,,,,0,,LOW,RECURRING,HIGH,21709.32,30.0,30.0,0,,0.0,0.23529411764705882,agent,,HC,1,,323,0.0,0.0
,4,,,,0,,LOW,NEW,HIGH,11974.45,30.0,30.0,0,,0.0,0.23529411764705882,agent,,FEU,1,,323,0.0,0.0
,4,,,,0,,LOW,NEW,HIGH,11974.45,30.0,30.0,0,,0.0,0.23529411764705882,agent,,HC,1,,323,0.0,0.0
,0,,,,0,,HIGH,RECURRING,HIGH,10141.18,30.0,30.0,0,,0.0,0.2376237623762376,agent,,TEU,1,,324,0.0,0.0
,0,,,,0,,HIGH,RECURRING,HIGH,10141.18,30.0,30.0,0,,0.0,0.2376237623762376,agent,,HC,1,,324,0.0,0.0
,1,20,16,0.5555555555555556,1,2,HIGH,RECURRING,HIGH,28294.88,22.0,30.0,1,,3000.0,0.2376237623762376,agent,2,TEU,4,,324,23520.0,23520.0
,1,20,16,0.5555555555555556,1,2,HIGH,RECURRING,HIGH,28294.88,22.0,30.0,1,,5760.0,0.2376237623762376,agent,2,HC,2,,324,23520.0,23520.0
,2,,,,0,,HIGH,NEW,HIGH,4519.57,22.0,22.0,0,,0.0,0.2376237623762376,agent,,FEU,1,,324,0.0,0.0
,3,,,,0,,HIGH,RECURRING,HIGH,12482.09,22.0,22.0,0,,0.0,0.2376237623762376,agent,,HC,2,,324,0.0,0.0
,4,,,,0,,LOW,RECURRING,HIGH,20082.22,22.0,22.0,0,,0.0,0.2376237623762376,agent,,TEU,3,,324,0.0,0.0
,4,,,,0,,LOW,RECURRING,HIGH,20082.22,22.0,22.0,0,,0.0,0.2376237623762376,agent,,REEF,1,,324,0.0,0.0
,5,,,,0,,HIGH,NEW,HIGH,3236.45,22.0,22.0,0,,0.0,0.2376237623762376,agent,,TEU,1,,324,0.0,0.0
,0,,,,0,,LOW,NEW,HIGH,10523.88,22.0,22.0,0,,0.0,0.17635270541082165,agent,,TEU,1,,325,0.0,0.0
,0,,,,0,,LOW,NEW,HIGH,10523.88,22.0,22.0,0,,0.0,0.17635270541082165,agent,,REEF,1,,325,0.0,0.0
,0,,,,0,,LOW,NEW,HIGH,26403.5,22.0,22.0,0,,0.0,0.17670682730923695,agent,,TEU,1,,326,0.0,0.0
,0,,,,0,,LOW,NEW,HIGH,26403.5,22.0,22.0,0,,0.0,0.17670682730923695,agent,,FEU,1,,326,0.0,0.0
,0,,,,0,,LOW,NEW,HIGH,26403.5,22.0,22.0,0,,0.0,0.17670682730923695,agent,,HC,1,,326,0.0,0.0
,0,,,,0,,LOW,NEW,HIGH,26403.5,22.0,22.0,0,,0.0,0.17670682730923695,agent,,REEF,1,,326,0.0,0.0
,1,,,,0,,HIGH,RECURRING,HIGH,9840.46,22.0,22.0,0,,0.0,0.17670682730923695,agent,,TEU,2,,326,0.0,0.0
,1,,,,0,,HIGH,RECURRING,HIGH,9840.46,22.0,22.0,0,,0.0,0.17670682730923695,agent,,FEU,1,,326,0.0,0.0
,2,,,,0,,HIGH,NEW,HIGH,7382.56,22.0,22.0,0,,0.0,0.17670682730923695,agent,,TEU,2,,326,0.0,0.0
,3,,,,0,,LOW,RECURRING,HIGH,12005.33,22.0,22.0,0,,0.0,0.17670682730923695,agent,,TEU,1,,326,0.0,0.0
,3,,,,0,,LOW,RECURRING,HIGH,12005.33,22.0,22.0,0,,0.0,0.17670682730923695,agent,,FEU,2,,326,0.0,0.0
,4,,,,0,,LOW,RECURRING,HIGH,33715.28,22.0,22.0,0,,0.0,0.17670682730923695,agent,,TEU,3,,326,0.0,0.0
,4,,,,0,,LOW,RECURRING,HIGH,33715.28,22.0,22.0,0,,0.0,0.17670682730923695,agent,,FEU,3,,326,0.0,0.0
,4,,,,0,,LOW,RECURRING,HIGH,33715.28,22.0,22.0,0,,0.0,0.17670682730923695,agent,,REEF,1,,326,0.0,0.0
,0,,,,0,,HIGH,RECURRING,HIGH,10445.38,22.0,22.0,0,,0.0,0.17849898580121704,agent,,HC,2,,327,0.0,0.0
,0,,,,0,,LOW,RECURRING,HIGH,6032.32,22.0,22.0,0,,0.0,0.17886178861788618,agent,,HC,1,,328,0.0,0.0
,1,,,,0,,HIGH,RECURRING,HIGH,11397.0,22.0,22.0,0,,0.0,0.17886178861788618,agent,,FEU,1,,328,0.0,0.0
,1,,,,0,,HIGH,RECURRING,HIGH,11397.0,22.0,22.0,0,,0.0,0.17886178861788618,agent,,HC,1,,328,0.0,0.0
,0,,,,0,,HIGH,RECURRING,HIGH,24454.57,22.0,22.0,0,,0.0,0.17959183673469387,agent,,TEU,1,,329,0.0,0.0
,0,,,,0,,HIGH,RECURRING,HIGH,24454.57,22.0,22.0,0,,0.0,0.17959183673469387,agent,,FEU,2,,329,0.0,0.0
,0,,,,0,,HIGH,RECURRING,HIGH,24454.57,22.0,22.0,0,,0.0,0.17959183673469387,agent,,REEF,1,,329,0.0,0.0
,1,,,,0,,LOW,NEW,HIGH,6565.27,22.0,22.0,0,,0.0,0.17959183673469387,agent,,HC,1,,329,0.0,0.0
,0,,,,0,,HIGH,RECURRING,HIGH,15053.79,22.0,22.0,0,,0.0,0.18032786885245902,agent,,TEU,1,,331,0.0,0.0
,0,,,,0,,HIGH,RECURRING,HIGH,15053.79,22.0,22.0,0,,0.0,0.18032786885245902,agent,,HC,2,,331,0.0,0.0
,1,,,,0,,LOW,NEW,HIGH,6030.5,22.0,22.0,0,,0.0,0.18032786885245902,agent,,TEU,2,,331,0.0,0.0
,2,,,,0,,HIGH,RECURRING,HIGH,13076.16,22.0,22.0,0,,0.0,0.18032786885245902,agent,,TEU,1,,331,0.0,0.0
,2,,,,0,,HIGH,RECURRING,HIGH,13076.16,22.0,22.0,0,,0.0,0.18032786885245902,agent,,REEF,1,,331,0.0,0.0
,3,,,,0,,LOW,NEW,HIGH,9862.15,22.0,22.0,0,,0.0,0.18032786885245902,agent,,TEU,2,,331,0.0,0.0
,3,,,,0,,LOW,NEW,HIGH,9862.15,22.0,22.0,0,,0.0,0.18032786885245902,agent,,FEU,1,,331,0.0,0.0
,4,,,,0,,HIGH,NEW,HIGH,2976.35,22.0,22.0,0,,0.0,0.18032786885245902,agent,,TEU,1,,331,0.0,0.0
,0,,,,0,,HIGH,NEW,HIGH,18116.48,22.0,22.0,0,,0.0,0.18219461697722567,agent,,TEU,4,,333,0.0,0.0
,0,,,,0,,HIGH,NEW,HIGH,18116.48,22.0,22.0,0,,0.0,0.18219461697722567,agent,,FEU,1,,333,0.0,0.0
,1,,,,0,,LOW,RECURRING,HIGH,9799.35,22.0,22.0,0,,0.0,0.18219461697722567,agent,,TEU,1,,333,0.0,0.0
,1,,,,0,,LOW,RECURRING,HIGH,9799.35,22.0,22.0,0,,0.0,0.18219461697722567,agent,,FEU,1,,333,0.0,0.0
,2,,,,0,,LOW,RECURRING,HIGH,18818.97,22.0,22.0,0,,0.0,0.18219461697722567,agent,,TEU,1,,333,0.0,0.0
,2,,,,0,,LOW,RECURRING,HIGH,18818.97,22.0,22.0,0,,0.0,0.18219461697722567,agent,,FEU,1,,333,0.0,0.0
,2,,,,0,,LOW,RECURRING,HIGH,18818.97,22.0,22.0,0,,0.0,0.18219461697722567,agent,,REEF,1,,333,0.0,0.0
,0,,,,0,,HIGH,RECURRING,HIGH,3729.81,22.0,22.0,0,,0.0,0.18333333333333332,agent,,TEU,1,,334,0.0,0.0
,1,,,,0,,LOW,NEW,HIGH,19584.44,22.0,22.0,0,,0.0,0.18333333333333332,agent,,TEU,2,,334,0.0,0.0
,1,,,,0,,LOW,NEW,HIGH,19584.44,22.0,22.0,0,,0.0,0.18333333333333332,agent,,FEU,2,,334,0.0,0.0
,0,,,,0,,LOW,RECURRING,HIGH,13932.81,22.0,22.0,0,,0.0,0.18410041841004185,agent,,TEU,3,,335,0.0,0.0
,0,,,,0,,LOW,RECURRING,HIGH,13932.81,22.0,22.0,0,,0.0,0.18410041841004185,agent,,FEU,1,,335,0.0,0.0
,1,,,,0,,LOW,NEW,HIGH,2941.01,22.0,22.0,0,,0.0,0.18410041841004185,agent,,TEU,1,,335,0.0,0.0
,2,,,,0,,HIGH,RECURRING,HIGH,11435.59,22.0,22.0,0,,0.0,0.18410041841004185,agent,,REEF,1,,335,0.0,0.0
,3,,,,0,,LOW,NEW,HIGH,7614.33,22.0,22.0,0,,0.0,0.18410041841004185,agent,,TEU,1,,335,0.0,0.0
,3,,,,0,,LOW,NEW,HIGH,7614.33,22.0,22.0,0,,0.0,0.18410041841004185,agent,,FEU,1,,335,0.0,0.0
,0,32,19,0.6274509803921569,1,2,LOW,RECURRING,HIGH,5871.64,20.0,22.0,1,,5400.0,0.18565400843881857,agent,2,FEU,1,,336,5400.0,5400.0
,0,,,,0,,HIGH,RECURRING,HIGH,6013.35,20.0,20.0,0,,0.0,0.16913319238900634,agent,,FEU,1,,337,0.0,0.0
,1,31,22,0.5849056603773585,1,2,LOW,NEW,HIGH,7320.39,18.0,20.0,1,,3000.0,0.16913319238900634,agent,2,TEU,2,,337,6000.0,6000.0
,2,,,,0,,LOW,NEW,HIGH,5239.6,18.0,18.0,0,,0.0,0.16913319238900634,agent,,TEU,2,,337,0.0,0.0
,3,,,,0,,LOW,RECURRING,HIGH,5716.24,18.0,18.0,0,,0.0,0.16913319238900634,agent,,FEU,1,,337,0.0,0.0
,4,,,,0,,HIGH,NEW,HIGH,20542.83,18.0,18.0,0,,0.0,0.16913319238900634,agent,,TEU,1,,337,0.0,0.0
,4,,,,0,,HIGH,NEW,HIGH,20542.83,18.0,18.0,0,,0.0,0.16913319238900634,agent,,FEU,3,,337,0.0,0.0
,5,,,,0,,HIGH,NEW,HIGH,12952.09,18.0,18.0,0,,0.0,0.16913319238900634,agent,,TEU,2,,337,0.0,0.0
,5,,,,0,,HIGH,NEW,HIGH,12952.09,18.0,18.0,0,,0.0,0.16913319238900634,agent,,FEU,1,,337,0.0,0.0
,0,,,,0,,LOW,RECURRING,HIGH,2580.06,18.0,18.0,0,,0.0,0.15417558886509636,agent,,TEU,1,,338,0.0,0.0
,1,,,,0,,LOW,RECURRING,HIGH,10881.11,18.0,18.0,0,,0.0,0.15417558886509636,agent,,FEU,2,,338,0.0,0.0
,2,,,,0,,LOW,NEW,HIGH,10151.38,18.0,18.0,0,,0.0,0.15417558886509636,agent,,TEU,1,,338,0.0,0.0
,2,,,,0,,LOW,NEW,HIGH,10151.38,18.0,18.0,0,,0.0,0.15417558886509636,agent,,FEU,1,,338,0.0,0.0
,3,,,,0,,HIGH,NEW,HIGH,10353.66,18.0,18.0,0,,0.0,0.15417558886509636,agent,,TEU,1,,338,0.0,0.0
,3,,,,0,,HIGH,NEW,HIGH,10353.66,18.0,18.0,0,,0.0,0.15417558886509636,agent,,FEU,1,,338,0.0,0.0
,4,,,,0,,LOW,NEW,HIGH,9659.11,18.0,18.0,0,,0.0,0.15417558886509636,agent,,FEU,2,,338,0.0,0.0
,0,,,,0,,HIGH,RECURRING,HIGH,19659.2,18.0,18.0,0,,0.0,0.15584415584415584,agent,,TEU,4,,339,0.0,0.0
,0,,,,0,,HIGH,RECURRING,HIGH,19659.2,18.0,18.0,0,,0.0,0.15584415584415584,agent,,REEF,1,,339,0.0,0.0
,1,,,,0,,LOW,RECURRING,HIGH,27101.81,18.0,18.0,0,,0.0,0.15584415584415584,agent,,TEU,1,,339,0.0,0.0
,1,,,,0,,LOW,RECURRING,HIGH,27101.81,18.0,18.0,0,,0.0,0.15584415584415584,agent,,FEU,2,,339,0.0,0.0
,1,,,,0,,LOW,RECURRING,HIGH,27101.81,18.0,18.0,0,,0.0,0.15584415584415584,agent,,HC,1,,339,0.0,0.0
,1,,,,0,,LOW,RECURRING,HIGH,27101.81,18.0,18.0,0,,0.0,0.15584415584415584,agent,,REEF,1,,339,0.0,0.0
,2,,,,0,,HIGH,NEW,HIGH,9844.51,18.0,18.0,0,,0.0,0.15584415584415584,agent,,TEU,1,,339,0.0,0.0
,2,,,,0,,HIGH,NEW,HIGH,9844.51,18.0,18.0,0,,0.0,0.15584415584415584,agent,,FEU,1,,339,0.0,0.0
,3,,,,0,,HIGH,NEW,HIGH,13032.63,18.0,18.0,0,,0.0,0.15584415584415584,agent,,TEU,2,,339,0.0,0.0
,3,,,,0,,HIGH,NEW,HIGH,13032.63,18.0,18.0,0,,0.0,0.15584415584415584,agent,,REEF,1,,339,0.0,0.0
,4,,,,0,,LOW,RECURRING,HIGH,10932.2,18.0,18.0,0,,0.0,0.15584415584415584,agent,,TEU,3,,339,0.0,0.0
,0,,,,0,,LOW,NEW,HIGH,5391.87,18.0,18.0,0,,0.0,0.1575492341356674,agent,,FEU,1,,340,0.0,0.0
,1,,,,0,,HIGH,NEW,HIGH,2636.59,18.0,18.0,0,,0.0,0.1575492341356674,agent,,TEU,1,,340,0.0,0.0
,2,,,,0,,LOW,NEW,HIGH,5581.62,18.0,18.0,0,,0.0,0.1575492341356674,agent,,HC,1,,340,0.0,0.0
,3,,,,0,,HIGH,NEW,HIGH,12541.59,18.0,18.0,0,,0.0,0.1575492341356674,agent,,TEU,2,,340,0.0,0.0
,3,,,,0,,HIGH,NEW,HIGH,12541.59,18.0,18.0,0,,0.0,0.1575492341356674,agent,,HC,1,,340,0.0,0.0
,4,,,,0,,LOW,NEW,HIGH,6222.43,18.0,18.0,0,,0.0,0.1575492341356674,agent,,FEU,1,,340,0.0,0.0
,0,33,19,0.6346153846153846,1,2,LOW,RECURRING,HIGH,12048.74,14.0,18.0,1,,5400.0,0.1592920353982301,agent,2,FEU,2,,341,10800.0,10800.0
,1,,,,0,,LOW,RECURRING,HIGH,10216.16,14.0,14.0,0,,0.0,0.1592920353982301,agent,,TEU,2,,341,0.0,0.0
,1,,,,0,,LOW,RECURRING,HIGH,10216.16,14.0,14.0,0,,0.0,0.1592920353982301,agent,,FEU,1,,341,0.0,0.0
,2,,,,0,,LOW,NEW,HIGH,21228.5,14.0,14.0,0,,0.0,0.1592920353982301,agent,,TEU,2,,341,0.0,0.0
,2,,,,0,,LOW,NEW,HIGH,21228.5,14.0,14.0,0,,0.0,0.1592920353982301,agent,,HC,2,,341,0.0,0.0
,3,,,,0,,LOW,NEW,HIGH,10706.04,14.0,14.0,0,,0.0,0.1592920353982301,agent,,TEU,2,,341,0.0,0.0
,3,,,,0,,LOW,NEW,HIGH,10706.04,14.0,14.0,0,,0.0,0.1592920353982301,agent,,FEU,1,,341,0.0,0.0
,4,,,,0,,LOW,NEW,HIGH,6564.89,14.0,14.0,0,,0.0,0.1592920353982301,agent,,TEU,2,,341,0.0,0.0
,0,,,,0,,LOW,NEW,HIGH,14026.4,14.0,14.0,0,,0.0,0.12527964205816555,agent,,TEU,2,,342,0.0,0.0
,0,,,,0,,LOW,NEW,HIGH,14026.4,14.0,14.0,0,,0.0,0.12527964205816555,agent,,HC,1,,342,0.0,0.0
,0,32,22,0.5925925925925926,0,2,LOW,NEW,HIGH,8167.89,14.0,14.0,1,,3000.0,0.12556053811659193,agent,2,TEU,1,,343,8400.0,0.0
,0,32,22,0.5925925925925926,0,2,LOW,NEW,HIGH,8167.89,14.0,14.0,1,,5400.0,0.12556053811659193,agent,2,FEU,1,,343,8400.0,0.0
,1,,,,0,,HIGH,RECURRING,HIGH,9535.96,14.0,14.0,0,,0.0,0.12556053811659193,agent,,TEU,1,,343,0.0,0.0
,1,,,,0,,HIGH,RECURRING,HIGH,9535.96,14.0,14.0,0,,0.0,0.12556053811659193,agent,,HC,1,,343,0.0,0.0
,2,,,,0,,HIGH,NEW,HIGH,10175.23,14.0,14.0,0,,0.0,0.12556053811659193,agent,,TEU,2,,343,0.0,0.0
,2,,,,0,,HIGH,NEW,HIGH,10175.23,14.0,14.0,0,,0.0,0.12556053811659193,agent,,FEU,1,,343,0.0,0.0
,0,,,,0,,LOW,NEW,HIGH,6336.35,14.0,14.0,0,,0.0,0.12641083521444696,agent,,FEU,1,,344,0.0,0.0
,1,,,,0,,LOW,RECURRING,HIGH,5621.48,14.0,14.0,0,,0.0,0.12641083521444696,agent,,FEU,1,,344,0.0,0.0
,0,,,,0,,HIGH,RECURRING,HIGH,47821.54,14.0,14.0,0,,0.0,0.12698412698412698,agent,,TEU,4,,345,0.0,0.0
,0,,,,0,,HIGH,RECURRING,HIGH,47821.54,14.0,14.0,0,,0.0,0.12698412698412698,agent,,HC,2,,345,0.0,0.0
,0,,,,0,,HIGH,RECURRING,HIGH,47821.54,14.0,14.0,0,,0.0,0.12698412698412698,agent,,REEF,2,,345,0.0,0.0
,1,,,,0,,HIGH,NEW,HIGH,6607.86,14.0,14.0,0,,0.0,0.12698412698412698,agent,,HC,1,,345,0.0,0.0
,2,,,,0,,LOW,NEW,HIGH,9574.98,14.0,14.0,0,,0.0,0.12698412698412698,agent,,TEU,1,,345,0.0,0.0
,2,,,,0,,LOW,NEW,HIGH,9574.98,14.0,14.0,0,,0.0,0.12698412698412698,agent,,HC,1,,345,0.0,0.0
,3,,,,0,,LOW,RECURRING,HIGH,9631.09,14.0,14.0,0,,0.0,0.12698412698412698,agent,,REEF,1,,345,0.0,0.0
,0,,,,0,,LOW,NEW,HIGH,8184.14,14.0,14.0,0,,0.0,0.12814645308924486,agent,,TEU,1,,346,0.0,0.0
,0,,,,0,,LOW,NEW,HIGH,8184.14,14.0,14.0,0,,0.0,0.12814645308924486,agent,,HC,1,,346,0.0,0.0
,1,,,,0,,LOW,RECURRING,HIGH,7791.82,14.0,14.0,0,,0.0,0.12814645308924486,agent,,TEU,1,,346,0.0,0.0
,1,,,,0,,LOW,RECURRING,HIGH,7791.82,14.0,14.0,0,,0.0,0.12814645308924486,agent,,HC,1,,346,0.0,0.0
,0,,,,0,,LOW,NEW,HIGH,3281.05,14.0,14.0,0,,0.0,0.12873563218390804,agent,,TEU,1,,347,0.0,0.0
,1,,,,0,,HIGH,RECURRING,HIGH,13215.37,14.0,14.0,0,,0.0,0.12873563218390804,agent,,TEU,2,,347,0.0,0.0
,1,,,,0,,HIGH,RECURRING,HIGH,13215.37,14.0,14.0,0,,0.0,0.12873563218390804,agent,,FEU,1,,347,0.0,0.0
,0,,,,0,,HIGH,NEW,HIGH,13600.08,14.0,14.0,0,,0.0,0.12933025404157045,agent,,TEU,1,,348,0.0,0.0
,0,,,,0,,HIGH,NEW,HIGH,13600.08,14.0,14.0,0,,0.0,0.12933025404157045,agent,,REEF,1,,348,0.0,0.0
,1,,,,0,,LOW,NEW,HIGH,3198.72,14.0,14.0,0,,0.0,0.12933025404157045,agent,,TEU,1,,348,0.0,0.0
,0,,,,0,,LOW,RECURRING,HIGH,10669.3,14.0,14.0,0,,0.0,0.12993039443155452,agent,,FEU,1,,349,0.0,0.0
,0,,,,0,,LOW,RECURRING,HIGH,10669.3,14.0,14.0,0,,0.0,0.12993039443155452,agent,,HC,1,,349,0.0,0.0
,0,,,,0,,HIGH,NEW,HIGH,2861.83,14.0,14.0,0,,0.0,0.13023255813953488,agent,,TEU,1,,350,0.0,0.0
,1,,,,0,,HIGH,RECURRING,HIGH,8299.91,14.0,14.0,0,,0.0,0.13023255813953488,agent,,TEU,1,,350,0.0,0.0
,1,,,,0,,HIGH,RECURRING,HIGH,8299.91,14.0,14.0,0,,0.0,0.13023255813953488,agent,,HC,1,,350,0.0,0.0
,2,,,,0,,LOW,NEW,HIGH,21094.51,14.0,14.0,0,,0.0,0.13023255813953488,agent,,TEU,2,,350,0.0,0.0
,2,,,,0,,LOW,NEW,HIGH,21094.51,14.0,14.0,0,,0.0,0.13023255813953488,agent,,FEU,1,,350,0.0,0.0
,2,,,,0,,LOW,NEW,HIGH,21094.51,14.0,14.0,0,,0.0,0.13023255813953488,agent,,HC,1,,350,0.0,0.0
,3,,,,0,,LOW,NEW,HIGH,5154.59,14.0,14.0,0,,0.0,0.13023255813953488,agent,,FEU,1,,350,0.0,0.0
,4,,,,0,,HIGH,NEW,HIGH,4796.49,14.0,14.0,0,,0.0,0.13023255813953488,agent,,FEU,1,,350,0.0,0.0
,0,,,,0,,HIGH,RECURRING,HIGH,2748.67,14.0,14.0,0,,0.0,0.13176470588235295,agent,,TEU,1,,351,0.0,0.0
,1,,,,0,,HIGH,NEW,HIGH,8210.34,14.0,14.0,0,,0.0,0.13176470588235295,agent,,REEF,1,,351,0.0,0.0
,2,,,,0,,LOW,NEW,HIGH,7674.4,14.0,14.0,0,,0.0,0.13176470588235295,agent,,TEU,1,,351,0.0,0.0
,2,,,,0,,LOW,NEW,HIGH,7674.4,14.0,14.0,0,,0.0,0.13176470588235295,agent,,HC,1,,351,0.0,0.0
,0,,,,0,,HIGH,RECURRING,HIGH,26665.45,14.0,14.0,0,,0.0,0.13270142180094788,agent,,TEU,1,,352,0.0,0.0
,0,,,,0,,HIGH,RECURRING,HIGH,26665.45,14.0,14.0,0,,0.0,0.13270142180094788,agent,,FEU,1,,352,0.0,0.0
,0,,,,0,,HIGH,RECURRING,HIGH,26665.45,14.0,14.0,0,,0.0,0.13270142180094788,agent,,REEF,2,,352,0.0,0.0
,1,,,,0,,HIGH,RECURRING,HIGH,14156.15,14.0,14.0,0,,0.0,0.13270142180094788,agent,,TEU,3,,352,0.0,0.0
,1,,,,0,,HIGH,RECURRING,HIGH,14156.15,14.0,14.0,0,,0.0,0.13270142180094788,agent,,FEU,1,,352,0.0,0.0
,0,,,,0,,LOW,RECURRING,HIGH,18518.79,14.0,14.0,0,,0.0,0.13333333333333333,agent,,TEU,1,,353,0.0,0.0
,0,,,,0,,LOW,RECURRING,HIGH,18518.79,14.0,14.0,0,,0.0,0.13333333333333333,agent,,HC,1,,353,0.0,0.0
,0,,,,0,,LOW,RECURRING,HIGH,18518.79,14.0,14.0,0,,0.0,0.13333333333333333,agent,,REEF,1,,353,0.0,0.0
,1,,,,0,,HIGH,NEW,HIGH,5280.21,14.0,14.0,0,,0.0,0.13333333333333333,agent,,FEU,1,,353,0.0,0.0
,2,,,,0,,LOW,NEW,HIGH,12869.39,14.0,14.0,0,,0.0,0.13333333333333333,agent,,TEU,2,,353,0.0,0.0
,2,,,,0,,LOW,NEW,HIGH,12869.39,14.0,14.0,0,,0.0,0.13333333333333333,agent,,FEU,1,,353,0.0,0.0
,3,,,,0,,LOW,RECURRING,HIGH,5325.11,14.0,14.0,0,,0.0,0.13333333333333333,agent,,FEU,1,,353,0.0,0.0
,0,,,,0,,LOW,RECURRING,HIGH,20760.37,14.0,14.0,0,,0.0,0.1346153846153846,agent,,TEU,1,,354,0.0,0.0
,0,,,,0,,LOW,RECURRING,HIGH,20760.37,14.0,14.0,0,,0.0,0.1346153846153846,agent,,FEU,1,,354,0.0,0.0
,0,,,,0,,LOW,RECURRING,HIGH,20760.37,14.0,14.0,0,,0.0,0.1346153846153846,agent,,HC,2,,354,0.0,0.0
,0,,,,0,,HIGH,NEW,HIGH,3217.54,14.0,14.0,0,,0.0,0.13493975903614458,agent,,TEU,1,,355,0.0,0.0
,1,,,,0,,LOW,RECURRING,HIGH,3511.63,14.0,14.0,0,,0.0,0.13493975903614458,agent,,TEU,1,,355,0.0,0.0
,2,,,,0,,HIGH,NEW,HIGH,7578.45,14.0,14.0,0,,0.0,0.13493975903614458,agent,,TEU,1,,355,0.0,0.0
,2,,,,0,,HIGH,NEW,HIGH,7578.45,14.0,14.0,0,,0.0,0.13493975903614458,agent,,FEU,1,,355,0.0,0.0
,0,,,,0,,HIGH,NEW,HIGH,11976.16,14.0,14.0,0,,0.0,0.13592233009708737,agent,,REEF,1,,356,0.0,0.0
,1,,,,0,,LOW,RECURRING,HIGH,2520.0,14.0,14.0,0,,0.0,0.13592233009708737,agent,,TEU,1,,356,0.0,0.0
,2,,,,0,,LOW,RECURRING,HIGH,9831.66,14.0,14.0,0,,0.0,0.13592233009708737,agent,,TEU,1,,356,0.0,0.0
,2,,,,0,,LOW,RECURRING,HIGH,9831.66,14.0,14.0,0,,0.0,0.13592233009708737,agent,,HC,1,,356,0.0,0.0
,0,,,,0,,LOW,RECURRING,HIGH,16548.77,14.0,14.0,0,,0.0,0.13691931540342298,agent,,FEU,1,,357,0.0,0.0
,0,,,,0,,LOW,RECURRING,HIGH,16548.77,14.0,14.0,0,,0.0,0.13691931540342298,agent,,REEF,1,,357,0.0,0.0
,1,,,,0,,HIGH,RECURRING,HIGH,6567.13,14.0,14.0,0,,0.0,0.13691931540342298,agent,,TEU,2,,357,0.0,0.0
,2,,,,0,,LOW,NEW,HIGH,21632.03,14.0,14.0,0,,0.0,0.13691931540342298,agent,,TEU,3,,357,0.0,0.0
,2,,,,0,,LOW,NEW,HIGH,21632.03,14.0,14.0,0,,0.0,0.13691931540342298,agent,,HC,2,,357,0.0,0.0
,0,,,,0,,LOW,RECURRING,HIGH,5683.0,14.0,14.0,0,,0.0,0.13793103448275862,agent,,HC,1,,358,0.0,0.0
,1,,,,0,,LOW,NEW,HIGH,7143.87,14.0,14.0,0,,0.0,0.13793103448275862,agent,,TEU,2,,358,0.0,0.0
,2,,,,0,,LOW,NEW,HIGH,6266.73,14.0,14.0,0,,0.0,0.13793103448275862,agent,,HC,1,,358,0.0,0.0
,3,,,,0,,LOW,NEW,HIGH,9466.97,14.0,14.0,0,,0.0,0.13793103448275862,agent,,TEU,1,,358,0.0,0.0
,3,,,,0,,LOW,NEW,HIGH,9466.97,14.0,14.0,0,,0.0,0.13793103448275862,agent,,FEU,1,,358,0.0,0.0
,0,,,,0,,HIGH,NEW,HIGH,25273.91,14.0,14.0,0,,0.0,0.13930348258706468,agent,,FEU,1,,359,0.0,0.0
,0,,,,0,,HIGH,NEW,HIGH,25273.91,14.0,14.0,0,,0.0,0.13930348258706468,agent,,HC,1,,359,0.0,0.0
,0,,,,0,,HIGH,NEW,HIGH,25273.91,14.0,14.0,0,,0.0,0.13930348258706468,agent,,REEF,1,,359,0.0,0.0
,1,,,,0,,LOW,RECURRING,HIGH,3694.64,14.0,14.0,0,,0.0,0.13930348258706468,agent,,TEU,1,,359,0.0,0.0
,2,,,,0,,HIGH,RECURRING,HIGH,9022.98,14.0,14.0,0,,0.0,0.13930348258706468,agent,,TEU,1,,359,0.0,0.0
,2,,,,0,,HIGH,RECURRING,HIGH,9022.98,14.0,14.0,0,,0.0,0.13930348258706468,agent,,HC,1,,359,0.0,0.0
,3,,,,0,,HIGH,RECURRING,HIGH,10523.91,14.0,14.0,0,,0.0,0.13930348258706468,agent,,REEF,1,,359,0.0,0.0
,0,,,,0,,HIGH,RECURRING,HIGH,5818.63,14.0,14.0,0,,0.0,0.1407035175879397,agent,,FEU,1,,360,0.0,0.0
,1,,,,0,,LOW,NEW,HIGH,2742.01,14.0,14.0,0,,0.0,0.1407035175879397,agent,,TEU,1,,360,0.0,0.0
,2,,,,0,,HIGH,RECURRING,HIGH,7213.16,14.0,14.0,0,,0.0,0.1407035175879397,agent,,TEU,2,,360,0.0,0.0
,3,,,,0,,LOW,NEW,HIGH,31687.45,14.0,14.0,0,,0.0,0.1407035175879397,agent,,TEU,1,,360,0.0,0.0
,3,,,,0,,LOW,NEW,HIGH,31687.45,14.0,14.0,0,,0.0,0.1407035175879397,agent,,FEU,2,,360,0.0,0.0
,3,,,,0,,LOW,NEW,HIGH,31687.45,14.0,14.0,0,,0.0,0.1407035175879397,agent,,HC,1,,360,0.0,0.0
,3,,,,0,,LOW,NEW,HIGH,31687.45,14.0,14.0,0,,0.0,0.1407035175879397,agent,,REEF,1,,360,0.0,0.0
,0,,,,0,,LOW,NEW,HIGH,2718.01,14.0,14.0,0,,0.0,0.14213197969543148,agent,,TEU,1,,361,0.0,0.0
,1,,,,0,,LOW,NEW,HIGH,6639.1,14.0,14.0,0,,0.0,0.14213197969543148,agent,,TEU,2,,361,0.0,0.0
,2,,,,0,,LOW,RECURRING,HIGH,5094.54,14.0,14.0,0,,0.0,0.14213197969543148,agent,,HC,1,,361,0.0,0.0
,0,,,,0,,LOW,RECURRING,HIGH,21525.16,14.0,14.0,0,,0.0,0.1432225063938619,agent,,TEU,2,,362,0.0,0.0
,0,,,,0,,LOW,RECURRING,HIGH,21525.16,14.0,14.0,0,,0.0,0.1432225063938619,agent,,FEU,3,,362,0.0,0.0
,0,,,,0,,LOW,RECURRING,HIGH,19291.55,14.0,14.0,0,,0.0,0.14358974358974358,agent,,TEU,2,,363,0.0,0.0
,0,,,,0,,LOW,RECURRING,HIGH,19291.55,14.0,14.0,0,,0.0,0.14358974358974358,agent,,FEU,2,,363,0.0,0.0
,0,,,,0,,HIGH,NEW,HIGH,5304.86,14.0,14.0,0,,0.0,0.14395886889460155,agent,,FEU,1,,364,0.0,0.0
,1,,,,0,,HIGH,RECURRING,HIGH,11873.32,14.0,14.0,0,,0.0,0.14395886889460155,agent,,TEU,2,,364,0.0,0.0
,1,,,,0,,HIGH,RECURRING,HIGH,11873.32,14.0,14.0,0,,0.0,0.14395886889460155,agent,,HC,1,,364,0.0,0.0
,2,,,,0,,HIGH,RECURRING,HIGH,3187.86,14.0,14.0,0,,0.0,0.14395886889460155,agent,,TEU,1,,364,0.0,0.0
,3,,,,0,,LOW,NEW,HIGH,22851.36,14.0,14.0,0,,0.0,0.14395886889460155,agent,,FEU,3,,364,0.0,0.0
,3,,,,0,,LOW,NEW,HIGH,22851.36,14.0,14.0,0,,0.0,0.14395886889460155,agent,,REEF,1,,364,0.0,0.0
,4,,,,0,,HIGH,NEW,HIGH,16781.44,14.0,14.0,0,,0.0,0.14395886889460155,agent,,TEU,1,,364,0.0,0.0
,4,,,,0,,HIGH,NEW,HIGH,16781.44,14.0,14.0,0,,0.0,0.14395886889460155,agent,,FEU,1,,364,0.0,0.0
,4,,,,0,,HIGH,NEW,HIGH,16781.44,14.0,14.0,0,,0.0,0.14395886889460155,agent,,HC,1,,364,0.0,0.0
,5,,,,0,,LOW,NEW,HIGH,18120.59,14.0,14.0,0,,0.0,0.14395886889460155,agent,,TEU,1,,364,0.0,0.0
,5,,,,0,,LOW,NEW,HIGH,18120.59,14.0,14.0,0,,0.0,0.14395886889460155,agent,,FEU,2,,364,0.0,0.0
,5,,,,0,,LOW,NEW,HIGH,18120.59,14.0,14.0,0,,0.0,0.14395886889460155,agent,,HC,1,,364,0.0,0.0
,0,31,15,0.6739130434782609,1,2,HIGH,NEW,HIGH,3670.31,13.0,14.0,1,,3000.0,0.1462140992167102,agent,2,TEU,1,,365,3000.0,3000.0
,1,,,,0,,LOW,NEW,HIGH,3267.58,13.0,13.0,0,,0.0,0.1462140992167102,agent,,TEU,1,,365,0.0,0.0
,0,,,,0,,LOW,NEW,HIGH,3119.18,13.0,13.0,0,,0.0,0.13648293963254593,agent,,TEU,1,,366,0.0,0.0
,1,,,,0,,HIGH,NEW,HIGH,9938.1,13.0,13.0,0,,0.0,0.13648293963254593,agent,,TEU,1,,366,0.0,0.0
,1,,,,0,,HIGH,NEW,HIGH,9938.1,13.0,13.0,0,,0.0,0.13648293963254593,agent,,FEU,1,,366,0.0,0.0
,0,,,,0,,LOW,NEW,HIGH,5832.02,13.0,13.0,0,,0.0,0.13720316622691292,agent,,FEU,1,,367,0.0,0.0
,0,,,,0,,LOW,NEW,HIGH,4891.32,13.0,13.0,0,,0.0,0.13756613756613756,agent,,HC,1,,368,0.0,0.0
,1,,,,0,,HIGH,RECURRING,HIGH,15142.16,13.0,13.0,0,,0.0,0.13756613756613756,agent,,TEU,1,,368,0.0,0.0
,1,,,,0,,HIGH,RECURRING,HIGH,15142.16,13.0,13.0,0,,0.0,0.13756613756613756,agent,,FEU,1,,368,0.0,0.0
,1,,,,0,,HIGH,RECURRING,HIGH,15142.16,13.0,13.0,0,,0.0,0.13756613756613756,agent,,HC,1,,368,0.0,0.0
,0,,,,0,,HIGH,NEW,HIGH,15891.92,13.0,13.0,0,,0.0,0.13829787234042554,agent,,FEU,3,,369,0.0,0.0
,1,,,,0,,LOW,RECURRING,HIGH,30823.78,13.0,13.0,0,,0.0,0.13829787234042554,agent,,TEU,1,,369,0.0,0.0
,1,,,,0,,LOW,RECURRING,HIGH,30823.78,13.0,13.0,0,,0.0,0.13829787234042554,agent,,FEU,1,,369,0.0,0.0
,1,,,,0,,LOW,RECURRING,HIGH,30823.78,13.0,13.0,0,,0.0,0.13829787234042554,agent,,REEF,2,,369,0.0,0.0
,2,,,,0,,HIGH,RECURRING,HIGH,30511.02,13.0,13.0,0,,0.0,0.13829787234042554,agent,,TEU,2,,369,0.0,0.0
,2,,,,0,,HIGH,RECURRING,HIGH,30511.02,13.0,13.0,0,,0.0,0.13829787234042554,agent,,FEU,2,,369,0.0,0.0
,2,,,,0,,HIGH,RECURRING,HIGH,30511.02,13.0,13.0,0,,0.0,0.13829787234042554,agent,,HC,1,,369,0.0,0.0
,2,,,,0,,HIGH,RECURRING,HIGH,30511.02,13.0,13.0,0,,0.0,0.13829787234042554,agent,,REEF,1,,369,0.0,0.0
,3,32,23,0.5818181818181818,0,2,LOW,NEW,HIGH,2789.03,13.0,13.0,1,,3000.0,0.13829787234042554,agent,2,TEU,1,,369,3000.0,0.0
,0,,,,0,,HIGH,NEW,HIGH,27131.59,13.0,13.0,0,,0.0,0.13978494623655913,agent,,TEU,1,,370,0.0,0.0
,0,,,,0,,HIGH,NEW,HIGH,27131.59,13.0,13.0,0,,0.0,0.13978494623655913,agent,,FEU,1,,370,0.0,0.0
,0,,,,0,,HIGH,NEW,HIGH,27131.59,13.0,13.0,0,,0.0,0.13978494623655913,agent,,REEF,2,,370,0.0,0.0
,0,,,,0,,LOW,RECURRING,HIGH,12470.62,13.0,13.0,0,,0.0,0.14016172506738545,agent,,TEU,1,,371,0.0,0.0
,0,,,,0,,LOW,RECURRING,HIGH,12470.62,13.0,13.0,0,,0.0,0.14016172506738545,agent,,REEF,1,,371,0.0,0.0
,0,,,,0,,HIGH,NEW,HIGH,10114.37,13.0,13.0,0,,0.0,0.14054054054054055,agent,,REEF,1,,372,0.0,0.0
,1,,,,0,,LOW,RECURRING,HIGH,12340.6,13.0,13.0,0,,0.0,0.14054054054054055,agent,,FEU,2,,372,0.0,0.0
,2,,,,0,,HIGH,NEW,HIGH,2736.21,13.0,13.0,0,,0.0,0.14054054054054055,agent,,TEU,1,,372,0.0,0.0
,3,,,,0,,LOW,RECURRING,HIGH,13041.36,13.0,13.0,0,,0.0,0.14054054054054055,agent,,TEU,2,,372,0.0,0.0
,3,,,,0,,LOW,RECURRING,HIGH,13041.36,13.0,13.0,0,,0.0,0.14054054054054055,agent,,REEF,1,,372,0.0,0.0
,4,,,,0,,LOW,RECURRING,HIGH,2805.58,13.0,13.0,0,,0.0,0.14054054054054055,agent,,TEU,1,,372,0.0,0.0
,0,,,,0,,HIGH,RECURRING,HIGH,2940.31,13.0,13.0,0,,0.0,0.14246575342465753,agent,,TEU,1,,373,0.0,0.0
,1,,,,0,,HIGH,NEW,HIGH,7993.17,13.0,13.0,0,,0.0,0.14246575342465753,agent,,TEU,3,,373,0.0,0.0
,2,,,,0,,HIGH,NEW,HIGH,6743.73,13.0,13.0,0,,0.0,0.14246575342465753,agent,,FEU,1,,373,0.0,0.0
,0,,,,0,,LOW,NEW,HIGH,11864.63,13.0,13.0,0,,0.0,0.143646408839779,agent,,TEU,1,,374,0.0,0.0
,0,,,,0,,LOW,NEW,HIGH,11864.63,13.0,13.0,0,,0.0,0.143646408839779,agent,,FEU,2,,374,0.0,0.0
,1,,,,0,,LOW,NEW,HIGH,25225.3,13.0,13.0,0,,0.0,0.143646408839779,agent,,TEU,2,,374,0.0,0.0
,1,,,,0,,LOW,NEW,HIGH,25225.3,13.0,13.0,0,,0.0,0.143646408839779,agent,,FEU,1,,374,0.0,0.0
,1,,,,0,,LOW,NEW,HIGH,25225.3,13.0,13.0,0,,0.0,0.143646408839779,agent,,REEF,1,,374,0.0,0.0
,0,,,,0,,HIGH,NEW,HIGH,2767.65,13.0,13.0,0,,0.0,0.14444444444444443,agent,,TEU,1,,376,0.0,0.0
,1,,,,0,,HIGH,NEW,HIGH,9788.4,13.0,13.0,0,,0.0,0.14444444444444443,agent,,TEU,1,,376,0.0,0.0
,1,,,,0,,HIGH,NEW,HIGH,9788.4,13.0,13.0,0,,0.0,0.14444444444444443,agent,,HC,1,,376,0.0,0.0
,2,,,,0,,HIGH,NEW,HIGH,10585.84,13.0,13.0,0,,0.0,0.14444444444444443,agent,,TEU,2,,376,0.0,0.0
,2,,,,0,,HIGH,NEW,HIGH,10585.84,13.0,13.0,0,,0.0,0.14444444444444443,agent,,FEU,1,,376,0.0,0.0
,3,21,16,0.5675675675675675,1,2,HIGH,RECURRING,HIGH,15615.55,8.0,13.0,1,,3000.0,0.14444444444444443,agent,2,TEU,1,,376,13800.0,13800.0
,3,21,16,0.5675675675675675,1,2,HIGH,RECURRING,HIGH,15615.55,8.0,13.0,1,,5400.0,0.14444444444444443,agent,2,FEU,2,,376,13800.0,13800.0
,0,,,,0,,HIGH,NEW,HIGH,14004.64,8.0,8.0,0,,0.0,0.0898876404494382,agent,,TEU,2,,377,0.0,0.0
,0,,,,0,,HIGH,NEW,HIGH,14004.64,8.0,8.0,0,,0.0,0.0898876404494382,agent,,HC,1,,377,0.0,0.0
,1,,,,0,,LOW,NEW,HIGH,14607.71,8.0,8.0,0,,0.0,0.0898876404494382,agent,,TEU,3,,377,0.0,0.0
,1,,,,0,,LOW,NEW,HIGH,14607.71,8.0,8.0,0,,0.0,0.0898876404494382,agent,,HC,1,,377,0.0,0.0
,2,,,,0,,LOW,NEW,HIGH,6015.49,8.0,8.0,0,,0.0,0.0898876404494382,agent,,FEU,1,,377,0.0,0.0
,3,,,,0,,LOW,RECURRING,HIGH,5774.19,8.0,8.0,0,,0.0,0.0898876404494382,agent,,FEU,1,,377,0.0,0.0
,4,,,,0,,HIGH,RECURRING,HIGH,18041.34,8.0,8.0,0,,0.0,0.0898876404494382,agent,,TEU,1,,377,0.0,0.0
,4,,,,0,,HIGH,RECURRING,HIGH,18041.34,8.0,8.0,0,,0.0,0.0898876404494382,agent,,FEU,2,,377,0.0,0.0
,4,,,,0,,HIGH,RECURRING,HIGH,18041.34,8.0,8.0,0,,0.0,0.0898876404494382,agent,,HC,1,,377,0.0,0.0
,5,,,,0,,LOW,NEW,HIGH,27003.0,8.0,8.0,0,,0.0,0.0898876404494382,agent,,TEU,3,,377,0.0,0.0
,5,,,,0,,LOW,NEW,HIGH,27003.0,8.0,8.0,0,,0.0,0.0898876404494382,agent,,FEU,2,,377,0.0,0.0
,5,,,,0,,LOW,NEW,HIGH,27003.0,8.0,8.0,0,,0.0,0.0898876404494382,agent,,HC,1,,377,0.0,0.0
,0,,,,0,,HIGH,RECURRING,HIGH,5247.06,8.0,8.0,0,,0.0,0.09142857142857143,agent,,HC,1,,378,0.0,0.0
,1,,,,0,,HIGH,NEW,HIGH,4828.89,8.0,8.0,0,,0.0,0.09142857142857143,agent,,FEU,1,,378,0.0,0.0
,2,,,,0,,HIGH,RECURRING,HIGH,20955.91,8.0,8.0,0,,0.0,0.09142857142857143,agent,,TEU,3,,378,0.0,0.0
,2,,,,0,,HIGH,RECURRING,HIGH,20955.91,8.0,8.0,0,,0.0,0.09142857142857143,agent,,FEU,2,,378,0.0,0.0
,0,,,,0,,HIGH,NEW,HIGH,12593.1,8.0,8.0,0,,0.0,0.09221902017291066,agent,,TEU,3,,380,0.0,0.0
,0,,,,0,,HIGH,NEW,HIGH,12593.1,8.0,8.0,0,,0.0,0.09221902017291066,agent,,FEU,1,,380,0.0,0.0
,1,,,,0,,LOW,NEW,HIGH,7523.16,8.0,8.0,0,,0.0,0.09221902017291066,agent,,TEU,3,,380,0.0,0.0
,2,,,,0,,HIGH,NEW,HIGH,21670.92,8.0,8.0,0,,0.0,0.09221902017291066,agent,,TEU,1,,380,0.0,0.0
,2,,,,0,,HIGH,NEW,HIGH,21670.92,8.0,8.0,0,,0.0,0.09221902017291066,agent,,FEU,1,,380,0.0,0.0
,2,,,,0,,HIGH,NEW,HIGH,21670.92,8.0,8.0,0,,0.0,0.09221902017291066,agent,,HC,2,,380,0.0,0.0
,3,,,,0,,LOW,RECURRING,HIGH,5379.51,8.0,8.0,0,,0.0,0.09221902017291066,agent,,HC,1,,380,0.0,0.0
,4,,,,0,,LOW,RECURRING,HIGH,3069.52,8.0,8.0,0,,0.0,0.09221902017291066,agent,,TEU,1,,380,0.0,0.0
,0,,,,0,,LOW,RECURRING,HIGH,15207.96,8.0,8.0,0,,0.0,0.0935672514619883,agent,,TEU,1,,381,0.0,0.0
,0,,,,0,,LOW,RECURRING,HIGH,15207.96,8.0,8.0,0,,0.0,0.0935672514619883,agent,,FEU,1,,381,0.0,0.0
,0,,,,0,,LOW,RECURRING,HIGH,15207.96,8.0,8.0,0,,0.0,0.0935672514619883,agent,,HC,1,,381,0.0,0.0
,1,,,,0,,HIGH,NEW,HIGH,9548.38,8.0,8.0,0,,0.0,0.0935672514619883,agent,,TEU,1,,381,0.0,0.0
,1,,,,0,,HIGH,NEW,HIGH,9548.38,8.0,8.0,0,,0.0,0.0935672514619883,agent,,FEU,1,,381,0.0,0.0
,0,,,,0,,HIGH,NEW,HIGH,15374.56,8.0,8.0,0,,0.0,0.09411764705882353,agent,,TEU,1,,382,0.0,0.0
,0,,,,0,,HIGH,NEW,HIGH,15374.56,8.0,8.0,0,,0.0,0.09411764705882353,agent,,FEU,2,,382,0.0,0.0
,1,,,,0,,HIGH,RECURRING,HIGH,5533.29,8.0,8.0,0,,0.0,0.09411764705882353,agent,,FEU,1,,382,0.0,0.0
,2,,,,0,,HIGH,RECURRING,HIGH,17901.03,8.0,8.0,0,,0.0,0.09411764705882353,agent,,FEU,2,,382,0.0,0.0
,2,,,,0,,HIGH,RECURRING,HIGH,17901.03,8.0,8.0,0,,0.0,0.09411764705882353,agent,,HC,1,,382,0.0,0.0
,3,,,,0,,HIGH,RECURRING,HIGH,4907.04,8.0,8.0,0,,0.0,0.09411764705882353,agent,,HC,1,,382,0.0,0.0
,0,,,,0,,HIGH,NEW,HIGH,8150.29,8.0,8.0,0,,0.0,0.09523809523809523,agent,,TEU,1,,383,0.0,0.0
,0,,,,0,,HIGH,NEW,HIGH,8150.29,8.0,8.0,0,,0.0,0.09523809523809523,agent,,FEU,1,,383,0.0,0.0
,1,,,,0,,HIGH,NEW,HIGH,13301.31,8.0,8.0,0,,0.0,0.09523809523809523,agent,,TEU,3,,383,0.0,0.0
,1,,,,0,,HIGH,NEW,HIGH,13301.31,8.0,8.0,0,,0.0,0.09523809523809523,agent,,HC,1,,383,0.0,0.0
,0,,,,0,,LOW,RECURRING,HIGH,7290.75,8.0,8.0,0,,0.0,0.09580838323353294,agent,,TEU,2,,384,0.0,0.0
,1,,,,0,,HIGH,NEW,HIGH,6684.05,8.0,8.0,0,,0.0,0.09580838323353294,agent,,HC,1,,384,0.0,0.0
,0,,,,0,,LOW,NEW,HIGH,10242.94,8.0,8.0,0,,0.0,0.0963855421686747,agent,,TEU,1,,385,0.0,0.0
,0,,,,0,,LOW,NEW,HIGH,10242.94,8.0,8.0,0,,0.0,0.0963855421686747,agent,,HC,1,,385,0.0,0.0
,1,,,,0,,LOW,RECURRING,HIGH,2726.03,8.0,8.0,0,,0.0,0.0963855421686747,agent,,TEU,1,,385,0.0,0.0
,2,,,,0,,HIGH,RECURRING,HIGH,5644.36,8.0,8.0,0,,0.0,0.0963855421686747,agent,,FEU,1,,385,0.0,0.0
,0,,,,0,,LOW,NEW,HIGH,20092.95,8.0,8.0,0,,0.0,0.0972644376899696,agent,,TEU,3,,386,0.0,0.0
,0,,,,0,,LOW,NEW,HIGH,20092.95,8.0,8.0,0,,0.0,0.0972644376899696,agent,,FEU,1,,386,0.0,0.0
,0,,,,0,,LOW,NEW,HIGH,20092.95,8.0,8.0,0,,0.0,0.0972644376899696,agent,,HC,1,,386,0.0,0.0
,1,,,,0,,LOW,NEW,HIGH,3346.69,8.0,8.0,0,,0.0,0.0972644376899696,agent,,TEU,1,,386,0.0,0.0
,0,,,,0,,HIGH,NEW,HIGH,16577.62,8.0,8.0,0,,0.0,0.09785932721712538,agent,,TEU,1,,387,0.0,0.0
,0,,,,0,,HIGH,NEW,HIGH,16577.62,8.0,8.0,0,,0.0,0.09785932721712538,agent,,HC,1,,387,0.0,0.0
,0,,,,0,,HIGH,NEW,HIGH,16577.62,8.0,8.0,0,,0.0,0.09785932721712538,agent,,REEF,1,,387,0.0,0.0
,1,,,,0,,LOW,NEW,HIGH,2527.29,8.0,8.0,0,,0.0,0.09785932721712538,agent,,TEU,1,,387,0.0,0.0
,2,,,,0,,LOW,RECURRING,HIGH,3582.7,8.0,8.0,0,,0.0,0.09785932721712538,agent,,TEU,1,,387,0.0,0.0
,0,,,,0,,LOW,RECURRING,HIGH,11076.17,8.0,8.0,0,,0.0,0.09876543209876543,agent,,TEU,2,,388,0.0,0.0
,0,,,,0,,LOW,RECURRING,HIGH,11076.17,8.0,8.0,0,,0.0,0.09876543209876543,agent,,HC,1,,388,0.0,0.0
,1,,,,0,,HIGH,RECURRING,HIGH,9740.29,8.0,8.0,0,,0.0,0.09876543209876543,agent,,TEU,1,,388,0.0,0.0
,1,,,,0,,HIGH,RECURRING,HIGH,9740.29,8.0,8.0,0,,0.0,0.09876543209876543,agent,,FEU,1,,388,0.0,0.0
,0,,,,0,,HIGH,RECURRING,HIGH,20949.73,8.0,8.0,0,,0.0,0.09937888198757763,agent,,FEU,1,,389,0.0,0.0
,0,,,,0,,HIGH,RECURRING,HIGH,20949.73,8.0,8.0,0,,0.0,0.09937888198757763,agent,,REEF,2,,389,0.0,0.0
,0,,,,0,,LOW,NEW,HIGH,3218.06,8.0,8.0,0,,0.0,0.09968847352024922,agent,,TEU,1,,390,0.0,0.0
,1,,,,0,,LOW,NEW,HIGH,3459.14,8.0,8.0,0,,0.0,0.09968847352024922,agent,,TEU,1,,390,0.0,0.0
,2,,,,0,,LOW,NEW,HIGH,5849.16,8.0,8.0,0,,0.0,0.09968847352024922,agent,,TEU,2,,390,0.0,0.0
,0,,,,0,,LOW,NEW,HIGH,5863.39,8.0,8.0,0,,0.0,0.10062893081761007,agent,,TEU,2,,391,0.0,0.0
,1,,,,0,,HIGH,NEW,HIGH,10251.99,8.0,8.0,0,,0.0,0.10062893081761007,agent,,FEU,2,,391,0.0,0.0
,2,,,,0,,LOW,NEW,HIGH,8915.73,8.0,8.0,0,,0.0,0.10062893081761007,agent,,TEU,1,,391,0.0,0.0
,2,,,,0,,LOW,NEW,HIGH,8915.73,8.0,8.0,0,,0.0,0.10062893081761007,agent,,FEU,1,,391,0.0,0.0
,3,,,,0,,HIGH,NEW,HIGH,18524.9,8.0,8.0,0,,0.0,0.10062893081761007,agent,,TEU,2,,391,0.0,0.0
,3,,,,0,,HIGH,NEW,HIGH,18524.9,8.0,8.0,0,,0.0,0.10062893081761007,agent,,REEF,1,,391,0.0,0.0
,4,,,,0,,LOW,NEW,HIGH,3537.47,8.0,8.0,0,,0.0,0.10062893081761007,agent,,TEU,1,,391,0.0,0.0
,5,32,15,0.6808510638297872,1,2,HIGH,NEW,HIGH,30781.53,0.0,8.0,1,,3000.0,0.10062893081761007,agent,2,TEU,2,,391,26400.0,26400.0
,5,32,15,0.6808510638297872,1,2,HIGH,NEW,HIGH,30781.53,0.0,8.0,1,,5400.0,0.10062893081761007,agent,2,FEU,2,,391,26400.0,26400.0
,5,32,15,0.6808510638297872,1,2,HIGH,NEW,HIGH,30781.53,0.0,8.0,1,,9600.0,0.10062893081761007,agent,2,REEF,1,,391,26400.0,26400.0
,6,,,,0,,LOW,NEW,HIGH,22171.42,0.0,0.0,0,,0.0,0.10062893081761007,agent,,TEU,1,,391,0.0,0.0
,6,,,,0,,LOW,NEW,HIGH,22171.42,0.0,0.0,0,,0.0,0.10062893081761007,agent,,HC,1,,391,0.0,0.0
,6,,,,0,,LOW,NEW,HIGH,22171.42,0.0,0.0,0,,0.0,0.10062893081761007,agent,,REEF,1,,391,0.0,0.0
,0,,,,0,,LOW,RECURRING,HIGH,7865.29,0.0,0.0,0,,0.0,0.0,agent,,TEU,1,,392,0.0,0.0
,0,,,,0,,LOW,RECURRING,HIGH,7865.29,0.0,0.0,0,,0.0,0.0,agent,,HC,1,,392,0.0,0.0
,1,,,,0,,LOW,RECURRING,HIGH,5101.99,0.0,0.0,0,,0.0,0.0,agent,,HC,1,,392,0.0,0.0
,0,,,,0,,HIGH,NEW,HIGH,6973.82,0.0,0.0,0,,0.0,0.0,agent,,TEU,2,,393,0.0,0.0
,1,,,,0,,HIGH,RECURRING,HIGH,6824.11,0.0,0.0,0,,0.0,0.0,agent,,HC,1,,393,0.0,0.0
,2,,,,0,,LOW,NEW,HIGH,6448.45,0.0,0.0,0,,0.0,0.0,agent,,FEU,1,,393,0.0,0.0
,0,,,,0,,LOW,NEW,HIGH,12511.88,0.0,0.0,0,,0.0,0.0,agent,,TEU,2,,394,0.0,0.0
,0,,,,0,,LOW,NEW,HIGH,12511.88,0.0,0.0,0,,0.0,0.0,agent,,FEU,1,,394,0.0,0.0
,1,,,,0,,LOW,NEW,HIGH,13759.1,0.0,0.0,0,,0.0,0.0,agent,,HC,2,,394,0.0,0.0
,2,,,,0,,HIGH,NEW,HIGH,4595.97,0.0,0.0,0,,0.0,0.0,agent,,FEU,1,,394,0.0,0.0
,3,,,,0,,HIGH,NEW,HIGH,8207.7,0.0,0.0,0,,0.0,0.0,agent,,TEU,1,,394,0.0,0.0
,3,,,,0,,HIGH,NEW,HIGH,8207.7,0.0,0.0,0,,0.0,0.0,agent,,FEU,1,,394,0.0,0.0
,4,,,,0,,LOW,RECURRING,HIGH,7286.38,0.0,0.0,0,,0.0,0.0,agent,,TEU,2,,394,0.0,0.0
,0,,,,0,,LOW,NEW,HIGH,6286.65,0.0,0.0,0,,0.0,0.0,agent,,FEU,1,,396,0.0,0.0
,1,,,,0,,LOW,NEW,HIGH,5683.96,0.0,0.0,0,,0.0,0.0,agent,,FEU,1,,396,0.0,0.0
,2,,,,0,,LOW,RECURRING,HIGH,10468.6,0.0,0.0,0,,0.0,0.0,agent,,REEF,1,,396,0.0,0.0
,3,,,,0,,LOW,NEW,HIGH,5457.01,0.0,0.0,0,,0.0,0.0,agent,,FEU,1,,396,0.0,0.0
,0,,,,0,,HIGH,RECURRING,HIGH,3565.79,0.0,0.0,0,,0.0,0.0,agent,,TEU,1,,397,0.0,0.0
,1,,,,0,,HIGH,RECURRING,HIGH,20884.6,0.0,0.0,0,,0.0,0.0,agent,,TEU,2,,397,0.0,0.0
,1,,,,0,,HIGH,RECURRING,HIGH,20884.6,0.0,0.0,0,,0.0,0.0,agent,,FEU,2,,397,0.0,0.0
,2,,,,0,,LOW,RECURRING,HIGH,11854.15,0.0,0.0,0,,0.0,0.0,agent,,REEF,1,,397,0.0,0.0
,0,,,,0,,HIGH,NEW,HIGH,14132.26,0.0,0.0,0,,0.0,0.0,agent,,FEU,1,,398,0.0,0.0
,0,,,,0,,HIGH,NEW,HIGH,14132.26,0.0,0.0,0,,0.0,0.0,agent,,HC,2,,398,0.0,0.0
,1,,,,0,,LOW,RECURRING,HIGH,19657.22,0.0,0.0,0,,0.0,0.0,agent,,TEU,2,,398,0.0,0.0
,1,,,,0,,LOW,RECURRING,HIGH,19657.22,0.0,0.0,0,,0.0,0.0,agent,,HC,2,,398,0.0,0.0
,2,,,,0,,HIGH,NEW,HIGH,2760.43,0.0,0.0,0,,0.0,0.0,agent,,TEU,1,,398,0.0,0.0
,0,,,,0,,LOW,RECURRING,HIGH,6264.54,0.0,0.0,0,,0.0,0.0,agent,,FEU,1,,399,0.0,0.0
,1,,,,0,,HIGH,NEW,HIGH,16761.54,0.0,0.0,0,,0.0,0.0,agent,,TEU,1,,399,0.0,0.0
,1,,,,0,,HIGH,NEW,HIGH,16761.54,0.0,0.0,0,,0.0,0.0,agent,,FEU,2,,399,0.0,0.0
,0,,,,0,,HIGH,NEW,HIGH,11754.13,0.0,0.0,0,,0.0,0.0,agent,,REEF,1,,400,0.0,0.0
,0,,,,0,,LOW,RECURRING,HIGH,2987.39,0.0,0.0,0,,0.0,0.0,agent,,TEU,1,,401,0.0,0.0
,1,,,,0,,LOW,NEW,HIGH,5268.51,0.0,0.0,0,,0.0,0.0,agent,,FEU,1,,401,0.0,0.0
,0,,,,0,,LOW,NEW,HIGH,9678.99,0.0,0.0,0,,0.0,0.0,agent,,TEU,1,,402,0.0,0.0
,0,,,,0,,LOW,NEW,HIGH,9678.99,0.0,0.0,0,,0.0,0.0,agent,,FEU,1,,402,0.0,0.0
,1,,,,0,,LOW,RECURRING,HIGH,10711.26,0.0,0.0,0,,0.0,0.0,agent,,FEU,1,,402,0.0,0.0
,1,,,,0,,LOW,RECURRING,HIGH,10711.26,0.0,0.0,0,,0.0,0.0,agent,,HC,1,,402,0.0,0.0
,0,,,,0,,LOW,RECURRING,HIGH,22212.21,0.0,0.0,0,,0.0,0.0,agent,,TEU,1,,403,0.0,0.0
,0,,,,0,,LOW,RECURRING,HIGH,22212.21,0.0,0.0,0,,0.0,0.0,agent,,FEU,1,,403,0.0,0.0
,0,,,,0,,LOW,RECURRING,HIGH,22212.21,0.0,0.0,0,,0.0,0.0,agent,,REEF,1,,403,0.0,0.0
,1,,,,0,,HIGH,NEW,HIGH,13748.52,0.0,0.0,0,,0.0,0.0,agent,,TEU,2,,403,0.0,0.0
,1,,,,0,,HIGH,NEW,HIGH,13748.52,0.0,0.0,0,,0.0,0.0,agent,,FEU,1,,403,0.0,0.0
,0,,,,0,,LOW,RECURRING,HIGH,5923.75,0.0,0.0,0,,0.0,0.0,agent,,TEU,2,,405,0.0,0.0
,0,,,,0,,LOW,NEW,HIGH,9682.47,0.0,0.0,0,,0.0,0.0,agent,,FEU,1,,406,0.0,0.0
,0,,,,0,,LOW,NEW,HIGH,9682.47,0.0,0.0,0,,0.0,0.0,agent,,HC,1,,406,0.0,0.0
,1,,,,0,,HIGH,NEW,HIGH,11520.0,0.0,0.0,0,,0.0,0.0,agent,,FEU,1,,406,0.0,0.0
,1,,,,0,,HIGH,NEW,HIGH,11520.0,0.0,0.0,0,,0.0,0.0,agent,,HC,1,,406,0.0,0.0
,2,,,,0,,LOW,RECURRING,HIGH,12118.29,0.0,0.0,0,,0.0,0.0,agent,,TEU,2,,406,0.0,0.0
,2,,,,0,,LOW,RECURRING,HIGH,12118.29,0.0,0.0,0,,0.0,0.0,agent,,FEU,1,,406,0.0,0.0
,3,,,,0,,HIGH,NEW,HIGH,6635.21,0.0,0.0,0,,0.0,0.0,agent,,HC,1,,406,0.0,0.0
,0,,,,0,,LOW,NEW,HIGH,2688.31,0.0,0.0,0,,0.0,0.0,agent,,TEU,1,,408,0.0,0.0
,1,,,,0,,LOW,NEW,HIGH,19431.15,0.0,0.0,0,,0.0,0.0,agent,,TEU,4,,408,0.0,0.0
,1,,,,0,,LOW,NEW,HIGH,19431.15,0.0,0.0,0,,0.0,0.0,agent,,REEF,1,,408,0.0,0.0
,0,,,,0,,LOW,RECURRING,HIGH,12555.09,0.0,0.0,0,,0.0,0.0,agent,,TEU,5,,409,0.0,0.0
,0,,,,0,,HIGH,NEW,HIGH,5776.14,0.0,0.0,0,,0.0,0.0,agent,,FEU,1,,410,0.0,0.0
,1,,,,0,,LOW,RECURRING,HIGH,13014.87,0.0,0.0,0,,0.0,0.0,agent,,TEU,3,,410,0.0,0.0
,1,,,,0,,LOW,RECURRING,HIGH,13014.87,0.0,0.0,0,,0.0,0.0,agent,,HC,1,,410,0.0,0.0
,0,,,,0,,HIGH,RECURRING,HIGH,4889.09,0.0,0.0,0,,0.0,0.0,agent,,FEU,1,,411,0.0,0.0
,1,,,,0,,HIGH,RECURRING,HIGH,7081.7,0.0,0.0,0,,0.0,0.0,agent,,TEU,1,,411,0.0,0.0
,1,,,,0,,HIGH,RECURRING,HIGH,7081.7,0.0,0.0,0,,0.0,0.0,agent,,FEU,1,,411,0.0,0.0
,2,,,,0,,LOW,NEW,HIGH,9444.07,0.0,0.0,0,,0.0,0.0,agent,,REEF,1,,411,0.0,0.0
,3,,,,0,,HIGH,NEW,HIGH,3017.59,0.0,0.0,0,,0.0,0.0,agent,,TEU,1,,411,0.0,0.0
,0,,,,0,,HIGH,NEW,HIGH,6522.75,0.0,0.0,0,,0.0,0.0,agent,,HC,1,,412,0.0,0.0
,1,,,,0,,LOW,NEW,HIGH,7914.63,0.0,0.0,0,,0.0,0.0,agent,,TEU,1,,412,0.0,0.0
,1,,,,0,,LOW,NEW,HIGH,7914.63,0.0,0.0,0,,0.0,0.0,agent,,FEU,1,,412,0.0,0.0
,2,,,,0,,LOW,NEW,HIGH,21044.04,0.0,0.0,0,,0.0,0.0,agent,,TEU,1,,412,0.0,0.0
,2,,,,0,,LOW,NEW,HIGH,21044.04,0.0,0.0,0,,0.0,0.0,agent,,FEU,2,,412,0.0,0.0
,2,,,,0,,LOW,NEW,HIGH,21044.04,0.0,0.0,0,,0.0,0.0,agent,,REEF,1,,412,0.0,0.0
,0,,,,0,,LOW,NEW,HIGH,29651.3,0.0,0.0,0,,0.0,0.0,agent,,TEU,3,,413,0.0,0.0
,0,,,,0,,LOW,NEW,HIGH,29651.3,0.0,0.0,0,,0.0,0.0,agent,,FEU,3,,413,0.0,0.0
,0,,,,0,,LOW,NEW,HIGH,29651.3,0.0,0.0,0,,0.0,0.0,agent,,HC,1,,413,0.0,0.0
,1,,,,0,,LOW,RECURRING,HIGH,9408.79,0.0,0.0,0,,0.0,0.0,agent,,TEU,1,,413,0.0,0.0
,1,,,,0,,LOW,RECURRING,HIGH,9408.79,0.0,0.0,0,,0.0,0.0,agent,,HC,1,,413,0.0,0.0
,0,,,,0,,HIGH,NEW,HIGH,10044.88,0.0,0.0,0,,0.0,0.0,agent,,HC,2,,414,0.0,0.0
,0,,,,0,,LOW,RECURRING,HIGH,9427.91,0.0,0.0,0,,0.0,0.0,agent,,FEU,1,,415,0.0,0.0
,0,,,,0,,LOW,RECURRING,HIGH,9427.91,0.0,0.0,0,,0.0,0.0,agent,,HC,1,,415,0.0,0.0
,1,,,,0,,LOW,NEW,HIGH,9379.71,0.0,0.0,0,,0.0,0.0,agent,,TEU,1,,415,0.0,0.0
,1,,,,0,,LOW,NEW,HIGH,9379.71,0.0,0.0,0,,0.0,0.0,agent,,HC,1,,415,0.0,0.0
,2,,,,0,,LOW,NEW,HIGH,22487.45,0.0,0.0,0,,0.0,0.0,agent,,TEU,1,,415,0.0,0.0
,2,,,,0,,LOW,NEW,HIGH,22487.45,0.0,0.0,0,,0.0,0.0,agent,,HC,1,,415,0.0,0.0
,2,,,,0,,LOW,NEW,HIGH,22487.45,0.0,0.0,0,,0.0,0.0,agent,,REEF,1,,415,0.0,0.0
,0,,,,0,,LOW,NEW,HIGH,10121.48,0.0,0.0,0,,0.0,0.0,agent,,REEF,1,,416,0.0,0.0
,1,,,,0,,LOW,RECURRING,HIGH,30747.84,0.0,0.0,0,,0.0,0.0,agent,,TEU,4,,416,0.0,0.0
,1,,,,0,,LOW,RECURRING,HIGH,30747.84,0.0,0.0,0,,0.0,0.0,agent,,HC,2,,416,0.0,0.0
,1,,,,0,,LOW,RECURRING,HIGH,30747.84,0.0,0.0,0,,0.0,0.0,agent,,REEF,1,,416,0.0,0.0
,0,,,,0,,HIGH,NEW,HIGH,14354.41,0.0,0.0,0,,0.0,0.0,agent,,HC,2,,417,0.0,0.0
,1,,,,0,,HIGH,NEW,HIGH,5669.43,0.0,0.0,0,,0.0,0.0,agent,,HC,1,,417,0.0,0.0
,0,,,,0,,HIGH,NEW,HIGH,4964.75,0.0,0.0,0,,0.0,0.0,agent,,FEU,1,,418,0.0,0.0
,1,,,,0,,HIGH,NEW,HIGH,8103.96,0.0,0.0,0,,0.0,0.0,agent,,REEF,1,,418,0.0,0.0
,0,,,,0,,LOW,RECURRING,HIGH,2523.58,0.0,0.0,0,,0.0,0.0,agent,,TEU,1,,419,0.0,0.0
,1,,,,0,,LOW,NEW,HIGH,11807.45,0.0,0.0,0,,0.0,0.0,agent,,FEU,1,,419,0.0,0.0
,1,,,,0,,LOW,NEW,HIGH,11807.45,0.0,0.0,0,,0.0,0.0,agent,,HC,1,,419,0.0,0.0
,2,,,,0,,LOW,NEW,HIGH,10782.21,0.0,0.0,0,,0.0,0.0,agent,,HC,2,,419,0.0,0.0
,0,,,,0,,HIGH,NEW,HIGH,4599.29,0.0,0.0,0,,0.0,0.0,agent,,FEU,1,,420,0.0,0.0
,1,,,,0,,LOW,NEW,HIGH,19171.03,0.0,0.0,0,,0.0,0.0,agent,,TEU,3,,420,0.0,0.0
,1,,,,0,,LOW,NEW,HIGH,19171.03,0.0,0.0,0,,0.0,0.0,agent,,FEU,1,,420,0.0,0.0
,1,,,,0,,LOW,NEW,HIGH,19171.03,0.0,0.0,0,,0.0,0.0,agent,,HC,1,,420,0.0,0.0
,2,,,,0,,LOW,NEW,HIGH,12133.19,0.0,0.0,0,,0.0,0.0,agent,,FEU,2,,420,0.0,0.0
,0,,,,0,,LOW,NEW,HIGH,8809.53,0.0,0.0,0,,0.0,0.0,agent,,TEU,1,,421,0.0,0.0
,0,,,,0,,LOW,NEW,HIGH,8809.53,0.0,0.0,0,,0.0,0.0,agent,,FEU,1,,421,0.0,0.0
,0,,,,0,,LOW,RECURRING,HIGH,3320.3,0.0,0.0,0,,0.0,0.0,agent,,TEU,1,,422,0.0,0.0
,1,,,,0,,LOW,RECURRING,HIGH,23047.49,0.0,0.0,0,,0.0,0.0,agent,,TEU,2,,422,0.0,0.0
,1,,,,0,,LOW,RECURRING,HIGH,23047.49,0.0,0.0,0,,0.0,0.0,agent,,FEU,3,,422,0.0,0.0
,2,,,,0,,LOW,NEW,HIGH,8069.9,0.0,0.0,0,,0.0,0.0,agent,,TEU,1,,422,0.0,0.0
,2,,,,0,,LOW,NEW,HIGH,8069.9,0.0,0.0,0,,0.0,0.0,agent,,FEU,1,,422,0.0,0.0
,0,,,,0,,HIGH,RECURRING,HIGH,8594.07,0.0,0.0,0,,0.0,0.0,agent,,TEU,1,,423,0.0,0.0
,0,,,,0,,HIGH,RECURRING,HIGH,8594.07,0.0,0.0,0,,0.0,0.0,agent,,FEU,1,,423,0.0,0.0
,1,,,,0,,LOW,NEW,HIGH,9814.24,0.0,0.0,0,,0.0,0.0,agent,,TEU,1,,423,0.0,0.0
,1,,,,0,,LOW,NEW,HIGH,9814.24,0.0,0.0,0,,0.0,0.0,agent,,FEU,1,,423,0.0,0.0
,2,,,,0,,HIGH,NEW,HIGH,8955.67,0.0,0.0,0,,0.0,0.0,agent,,REEF,1,,423,0.0,0.0
,0,,,,0,,LOW,RECURRING,HIGH,20376.23,0.0,0.0,0,,0.0,0.0,agent,,TEU,1,,424,0.0,0.0
,0,,,,0,,LOW,RECURRING,HIGH,20376.23,0.0,0.0,0,,0.0,0.0,agent,,FEU,2,,424,0.0,0.0
,0,,,,0,,LOW,RECURRING,HIGH,20376.23,0.0,0.0,0,,0.0,0.0,agent,,REEF,1,,424,0.0,0.0
,1,,,,0,,LOW,NEW,HIGH,5394.25,0.0,0.0,0,,0.0,0.0,agent,,FEU,1,,424,0.0,0.0
,0,,,,0,,LOW,NEW,HIGH,2746.95,0.0,0.0,0,,0.0,0.0,agent,,TEU,1,,425,0.0,0.0
,1,,,,0,,LOW,RECURRING,HIGH,7703.95,0.0,0.0,0,,0.0,0.0,agent,,TEU,1,,425,0.0,0.0
,1,,,,0,,LOW,RECURRING,HIGH,7703.95,0.0,0.0,0,,0.0,0.0,agent,,HC,1,,425,0.0,0.0
,2,,,,0,,LOW,RECURRING,HIGH,14794.91,0.0,0.0,0,,0.0,0.0,agent,,TEU,1,,425,0.0,0.0
,2,,,,0,,LOW,RECURRING,HIGH,14794.91,0.0,0.0,0,,0.0,0.0,agent,,FEU,1,,425,0.0,0.0
,2,,,,0,,LOW,RECURRING,HIGH,14794.91,0.0,0.0,0,,0.0,0.0,agent,,HC,1,,425,0.0,0.0
,3,,,,0,,LOW,RECURRING,HIGH,8481.89,0.0,0.0,0,,0.0,0.0,agent,,TEU,1,,425,0.0,0.0
,3,,,,0,,LOW,RECURRING,HIGH,8481.89,0.0,0.0,0,,0.0,0.0,agent,,FEU,1,,425,0.0,0.0
,4,,,,0,,LOW,NEW,HIGH,6040.29,0.0,0.0,0,,0.0,0.0,agent,,FEU,1,,425,0.0,0.0
,0,,,,0,,HIGH,RECURRING,HIGH,14140.72,0.0,0.0,0,,0.0,0.0,agent,,TEU,1,,426,0.0,0.0
,0,,,,0,,HIGH,RECURRING,HIGH,14140.72,0.0,0.0,0,,0.0,0.0,agent,,FEU,2,,426,0.0,0.0
,1,,,,0,,LOW,RECURRING,HIGH,10332.2,0.0,0.0,0,,0.0,0.0,agent,,FEU,2,,426,0.0,0.0
,2,,,,0,,LOW,NEW,HIGH,12145.5,0.0,0.0,0,,0.0,0.0,agent,,TEU,2,,426,0.0,0.0
,2,,,,0,,LOW,NEW,HIGH,12145.5,0.0,0.0,0,,0.0,0.0,agent,,FEU,1,,426,0.0,0.0
,3,,,,0,,LOW,RECURRING,HIGH,13132.3,0.0,0.0,0,,0.0,0.0,agent,,TEU,3,,426,0.0,0.0
,3,,,,0,,LOW,RECURRING,HIGH,13132.3,0.0,0.0,0,,0.0,0.0,agent,,HC,1,,426,0.0,0.0
,4,,,,0,,HIGH,RECURRING,HIGH,5146.15,0.0,0.0,0,,0.0,0.0,agent,,HC,1,,426,0.0,0.0
,0,,,,0,,HIGH,RECURRING,HIGH,7720.33,0.0,0.0,0,,0.0,0.0,agent,,TEU,1,,427,0.0,0.0
,0,,,,0,,HIGH,RECURRING,HIGH,7720.33,0.0,0.0,0,,0.0,0.0,agent,,FEU,1,,427,0.0,0.0
,0,,,,0,,LOW,RECURRING,HIGH,23957.49,0.0,0.0,0,,0.0,0.0,agent,,TEU,2,,428,0.0,0.0
,0,,,,0,,LOW,RECURRING,HIGH,23957.49,0.0,0.0,0,,0.0,0.0,agent,,REEF,2,,428,0.0,0.0
,1,,,,0,,LOW,NEW,HIGH,12883.88,0.0,0.0,0,,0.0,0.0,agent,,FEU,1,,428,0.0,0.0
,1,,,,0,,LOW,NEW,HIGH,12883.88,0.0,0.0,0,,0.0,0.0,agent,,HC,1,,428,0.0,0.0
,2,,,,0,,LOW,NEW,HIGH,23706.17,0.0,0.0,0,,0.0,0.0,agent,,TEU,1,,428,0.0,0.0
,2,,,,0,,LOW,NEW,HIGH,23706.17,0.0,0.0,0,,0.0,0.0,agent,,FEU,3,,428,0.0,0.0
,2,,,,0,,LOW,NEW,HIGH,23706.17,0.0,0.0,0,,0.0,0.0,agent,,HC,1,,428,0.0,0.0
,0,,,,0,,LOW,NEW,HIGH,3046.24,0.0,0.0,0,,0.0,0.0,agent,,TEU,1,,429,0.0,0.0
,1,,,,0,,LOW,RECURRING,HIGH,15951.47,0.0,0.0,0,,0.0,0.0,agent,,TEU,3,,429,0.0,0.0
,1,,,,0,,LOW,RECURRING,HIGH,15951.47,0.0,0.0,0,,0.0,0.0,agent,,HC,1,,429,0.0,0.0
,2,,,,0,,LOW,NEW,HIGH,5042.98,0.0,0.0,0,,0.0,0.0,agent,,TEU,2,,429,0.0,0.0
,3,,,,0,,HIGH,NEW,HIGH,10413.15,0.0,0.0,0,,0.0,0.0,agent,,TEU,4,,429,0.0,0.0
,4,,,,0,,LOW,RECURRING,HIGH,5254.32,0.0,0.0,0,,0.0,0.0,agent,,FEU,1,,429,0.0,0.0
,5,,,,0,,LOW,NEW,HIGH,5735.02,0.0,0.0,0,,0.0,0.0,agent,,HC,1,,429,0.0,0.0
,0,,,,0,,HIGH,NEW,HIGH,2581.45,0.0,0.0,0,,0.0,0.0,agent,,TEU,1,,430,0.0,0.0
,1,,,,0,,HIGH,NEW,HIGH,8188.15,0.0,0.0,0,,0.0,0.0,agent,,TEU,1,,430,0.0,0.0
,1,,,,0,,HIGH,NEW,HIGH,8188.15,0.0,0.0,0,,0.0,0.0,agent,,FEU,1,,430,0.0,0.0
,0,,,,0,,LOW,RECURRING,HIGH,14437.57,0.0,0.0,0,,0.0,0.0,agent,,TEU,1,,431,0.0,0.0
,0,,,,0,,LOW,RECURRING,HIGH,14437.57,0.0,0.0,0,,0.0,0.0,agent,,REEF,1,,431,0.0,0.0
,1,,,,0,,HIGH,RECURRING,HIGH,19426.67,0.0,0.0,0,,0.0,0.0,agent,,TEU,3,,431,0.0,0.0
,1,,,,0,,HIGH,RECURRING,HIGH,19426.67,0.0,0.0,0,,0.0,0.0,agent,,FEU,2,,431,0.0,0.0
,2,,,,0,,LOW,NEW,HIGH,22021.27,0.0,0.0,0,,0.0,0.0,agent,,TEU,1,,431,0.0,0.0
,2,,,,0,,LOW,NEW,HIGH,22021.27,0.0,0.0,0,,0.0,0.0,agent,,FEU,1,,431,0.0,0.0
,2,,,,0,,LOW,NEW,HIGH,22021.27,0.0,0.0,0,,0.0,0.0,agent,,REEF,1,,431,0.0,0.0
,3,,,,0,,LOW,NEW,HIGH,16707.62,0.0,0.0,0,,0.0,0.0,agent,,TEU,1,,431,0.0,0.0
,3,,,,0,,LOW,NEW,HIGH,16707.62,0.0,0.0,0,,0.0,0.0,agent,,HC,2,,431,0.0,0.0
,4,,,,0,,LOW,NEW,HIGH,7306.05,0.0,0.0,0,,0.0,0.0,agent,,TEU,1,,431,0.0,0.0
,4,,,,0,,LOW,NEW,HIGH,7306.05,0.0,0.0,0,,0.0,0.0,agent,,FEU,1,,431,0.0,0.0
,5,,,,0,,LOW,NEW,HIGH,3341.41,0.0,0.0,0,,0.0,0.0,agent,,TEU,1,,431,0.0,0.0
,0,,,,0,,LOW,NEW,HIGH,18712.05,0.0,0.0,0,,0.0,0.0,agent,,TEU,3,,432,0.0,0.0
,0,,,,0,,LOW,NEW,HIGH,18712.05,0.0,0.0,0,,0.0,0.0,agent,,REEF,1,,432,0.0,0.0
,0,,,,0,,HIGH,NEW,HIGH,9827.45,0.0,0.0,0,,0.0,0.0,agent,,TEU,1,,433,0.0,0.0
,0,,,,0,,HIGH,NEW,HIGH,9827.45,0.0,0.0,0,,0.0,0.0,agent,,FEU,1,,433,0.0,0.0
,1,,,,0,,HIGH,RECURRING,HIGH,38522.83,0.0,0.0,0,,0.0,0.0,agent,,TEU,2,,433,0.0,0.0
,1,,,,0,,HIGH,RECURRING,HIGH,38522.83,0.0,0.0,0,,0.0,0.0,agent,,FEU,1,,433,0.0,0.0
,1,,,,0,,HIGH,RECURRING,HIGH,38522.83,0.0,0.0,0,,0.0,0.0,agent,,HC,4,,433,0.0,0.0
,1,,,,0,,HIGH,RECURRING,HIGH,38522.83,0.0,0.0,0,,0.0,0.0,agent,,REEF,1,,433,0.0,0.0
,2,,,,0,,LOW,NEW,HIGH,6882.85,0.0,0.0,0,,0.0,0.0,agent,,HC,1,,433,0.0,0.0
,0,,,,0,,LOW,NEW,HIGH,18907.76,0.0,0.0,0,,0.0,0.0,agent,,REEF,2,,434,0.0,0.0
,1,,,,0,,HIGH,RECURRING,HIGH,5648.77,0.0,0.0,0,,0.0,0.0,agent,,TEU,2,,434,0.0,0.0
,2,,,,0,,LOW,RECURRING,HIGH,2923.11,0.0,0.0,0,,0.0,0.0,agent,,TEU,1,,434,0.0,0.0
,0,,,,0,,LOW,NEW,HIGH,14671.35,0.0,0.0,0,,0.0,0.0,agent,,TEU,2,,435,0.0,0.0
,0,,,,0,,LOW,NEW,HIGH,14671.35,0.0,0.0,0,,0.0,0.0,agent,,FEU,1,,435,0.0,0.0
,0,,,,0,,LOW,NEW,HIGH,14671.35,0.0,0.0,0,,0.0,0.0,agent,,HC,1,,435,0.0,0.0
,0,,,,0,,LOW,NEW,HIGH,20752.42,0.0,0.0,0,,0.0,0.0,agent,,TEU,2,,436,0.0,0.0
,0,,,,0,,LOW,NEW,HIGH,20752.42,0.0,0.0,0,,0.0,0.0,agent,,FEU,1,,436,0.0,0.0
,0,,,,0,,LOW,NEW,HIGH,20752.42,0.0,0.0,0,,0.0,0.0,agent,,REEF,1,,436,0.0,0.0
,1,,,,0,,HIGH,RECURRING,HIGH,6830.71,0.0,0.0,0,,0.0,0.0,agent,,TEU,2,,436,0.0,0.0
,2,,,,0,,LOW,RECURRING,HIGH,19254.93,0.0,0.0,0,,0.0,0.0,agent,,TEU,1,,436,0.0,0.0
,2,,,,0,,LOW,RECURRING,HIGH,19254.93,0.0,0.0,0,,0.0,0.0,agent,,REEF,2,,436,0.0,0.0
,0,,,,0,,HIGH,RECURRING,HIGH,5091.75,0.0,0.0,0,,0.0,0.0,agent,,FEU,1,,437,0.0,0.0
,0,,,,0,,LOW,NEW,HIGH,3366.13,0.0,0.0,0,,0.0,0.0,agent,,TEU,1,,438,0.0,0.0
,1,,,,0,,LOW,NEW,HIGH,5585.46,0.0,0.0,0,,0.0,0.0,agent,,FEU,1,,438,0.0,0.0
,0,,,,0,,HIGH,NEW,HIGH,9009.95,0.0,0.0,0,,0.0,0.0,agent,,TEU,1,,439,0.0,0.0
,0,,,,0,,HIGH,NEW,HIGH,9009.95,0.0,0.0,0,,0.0,0.0,agent,,FEU,1,,439,0.0,0.0
,1,,,,0,,HIGH,NEW,HIGH,7217.28,0.0,0.0,0,,0.0,0.0,agent,,TEU,1,,439,0.0,0.0
,1,,,,0,,HIGH,NEW,HIGH,7217.28,0.0,0.0,0,,0.0,0.0,agent,,FEU,1,,439,0.0,0.0
,0,,,,0,,LOW,RECURRING,HIGH,31883.2,0.0,0.0,0,,0.0,0.0,agent,,FEU,2,,440,0.0,0.0
,0,,,,0,,LOW,RECURRING,HIGH,31883.2,0.0,0.0,0,,0.0,0.0,agent,,HC,1,,440,0.0,0.0
,0,,,,0,,LOW,RECURRING,HIGH,31883.2,0.0,0.0,0,,0.0,0.0,agent,,REEF,1,,440,0.0,0.0
,1,,,,0,,HIGH,NEW,HIGH,11247.06,0.0,0.0,0,,0.0,0.0,agent,,HC,2,,440,0.0,0.0
,2,,,,0,,LOW,NEW,HIGH,3563.34,0.0,0.0,0,,0.0,0.0,agent,,TEU,1,,440,0.0,0.0
,3,,,,0,,HIGH,NEW,HIGH,3158.45,0.0,0.0,0,,0.0,0.0,agent,,TEU,1,,440,0.0,0.0
,0,,,,0,,HIGH,RECURRING,HIGH,19363.54,0.0,0.0,0,,0.0,0.0,agent,,TEU,5,,441,0.0,0.0
,0,,,,0,,HIGH,RECURRING,HIGH,19363.54,0.0,0.0,0,,0.0,0.0,agent,,FEU,1,,441,0.0,0.0
,1,,,,0,,HIGH,NEW,HIGH,13487.8,0.0,0.0,0,,0.0,0.0,agent,,TEU,1,,441,0.0,0.0
,1,,,,0,,HIGH,NEW,HIGH,13487.8,0.0,0.0,0,,0.0,0.0,agent,,REEF,1,,441,0.0,0.0
,2,,,,0,,HIGH,RECURRING,HIGH,15563.99,0.0,0.0,0,,0.0,0.0,agent,,TEU,1,,441,0.0,0.0
,2,,,,0,,HIGH,RECURRING,HIGH,15563.99,0.0,0.0,0,,0.0,0.0,agent,,REEF,1,,441,0.0,0.0
,3,,,,0,,LOW,NEW,HIGH,11574.41,0.0,0.0,0,,0.0,0.0,agent,,FEU,2,,441,0.0,0.0
,0,,,,0,,LOW,NEW,HIGH,3680.67,0.0,0.0,0,,0.0,0.0,agent,,TEU,1,,442,0.0,0.0
,0,,,,0,,HIGH,RECURRING,HIGH,13715.89,0.0,0.0,0,,0.0,0.0,agent,,FEU,1,,443,0.0,0.0
,0,,,,0,,HIGH,RECURRING,HIGH,13715.89,0.0,0.0,0,,0.0,0.0,agent,,HC,1,,443,0.0,0.0
,1,,,,0,,HIGH,NEW,HIGH,3275.91,0.0,0.0,0,,0.0,0.0,agent,,TEU,1,,443,0.0,0.0
,2,,,,0,,HIGH,RECURRING,HIGH,6708.66,0.0,0.0,0,,0.0,0.0,agent,,HC,1,,443,0.0,0.0
,3,,,,0,,LOW,RECURRING,HIGH,19812.47,0.0,0.0,0,,0.0,0.0,agent,,TEU,4,,443,0.0,0.0
,3,,,,0,,LOW,RECURRING,HIGH,19812.47,0.0,0.0,0,,0.0,0.0,agent,,FEU,1,,443,0.0,0.0
,0,,,,0,,HIGH,NEW,HIGH,17528.64,0.0,0.0,0,,0.0,0.0,agent,,TEU,1,,444,0.0,0.0
,0,,,,0,,HIGH,NEW,HIGH,17528.64,0.0,0.0,0,,0.0,0.0,agent,,FEU,2,,444,0.0,0.0
,0,,,,0,,HIGH,NEW,HIGH,17528.64,0.0,0.0,0,,0.0,0.0,agent,,HC,1,,444,0.0,0.0
,0,,,,0,,LOW,NEW,HIGH,47718.0,0.0,0.0,0,,0.0,0.0,agent,,TEU,3,,445,0.0,0.0
,0,,,,0,,LOW,NEW,HIGH,47718.0,0.0,0.0,0,,0.0,0.0,agent,,FEU,3,,445,0.0,0.0
,0,,,,0,,LOW,NEW,HIGH,47718.0,0.0,0.0,0,,0.0,0.0,agent,,HC,2,,445,0.0,0.0
,0,,,,0,,LOW,NEW,HIGH,47718.0,0.0,0.0,0,,0.0,0.0,agent,,REEF,1,,445,0.0,0.0
,1,,,,0,,LOW,NEW,HIGH,7931.49,0.0,0.0,0,,0.0,0.0,agent,,TEU,1,,445,0.0,0.0
,1,,,,0,,LOW,NEW,HIGH,7931.49,0.0,0.0,0,,0.0,0.0,agent,,FEU,1,,445,0.0,0.0
,2,,,,0,,LOW,NEW,HIGH,15557.48,0.0,0.0,0,,0.0,0.0,agent,,TEU,3,,445,0.0,0.0
,2,,,,0,,LOW,NEW,HIGH,15557.48,0.0,0.0,0,,0.0,0.0,agent,,FEU,1,,445,0.0,0.0
,3,,,,0,,LOW,RECURRING,HIGH,18274.75,0.0,0.0,0,,0.0,0.0,agent,,TEU,1,,445,0.0,0.0
,3,,,,0,,LOW,RECURRING,HIGH,18274.75,0.0,0.0,0,,0.0,0.0,agent,,FEU,3,,445,0.0,0.0
,4,,,,0,,LOW,NEW,HIGH,10253.31,0.0,0.0,0,,0.0,0.0,agent,,REEF,1,,445,0.0,0.0
,5,,,,0,,LOW,RECURRING,HIGH,7415.74,0.0,0.0,0,,0.0,0.0,agent,,TEU,2,,445,0.0,0.0
,6,,,,0,,LOW,NEW,HIGH,15001.39,0.0,0.0,0,,0.0,0.0,agent,,TEU,1,,445,0.0,0.0
,6,,,,0,,LOW,NEW,HIGH,15001.39,0.0,0.0,0,,0.0,0.0,agent,,FEU,1,,445,0.0,0.0
,6,,,,0,,LOW,NEW,HIGH,15001.39,0.0,0.0,0,,0.0,0.0,agent,,HC,1,,445,0.0,0.0
,0,,,,0,,LOW,RECURRING,HIGH,14561.85,0.0,0.0,0,,0.0,0.0,agent,,FEU,1,,446,0.0,0.0
,0,,,,0,,LOW,RECURRING,HIGH,14561.85,0.0,0.0,0,,0.0,0.0,agent,,HC,2,,446,0.0,0.0
,1,,,,0,,LOW,RECURRING,HIGH,4714.34,0.0,0.0,0,,0.0,0.0,agent,,FEU,1,,446,0.0,0.0
,2,,,,0,,LOW,RECURRING,HIGH,26199.74,0.0,0.0,0,,0.0,0.0,agent,,TEU,2,,446,0.0,0.0
,2,,,,0,,LOW,RECURRING,HIGH,26199.74,0.0,0.0,0,,0.0,0.0,agent,,HC,1,,446,0.0,0.0
,2,,,,0,,LOW,RECURRING,HIGH,26199.74,0.0,0.0,0,,0.0,0.0,agent,,REEF,1,,446,0.0,0.0
,0,,,,0,,LOW,NEW,HIGH,5225.84,0.0,0.0,0,,0.0,0.0,agent,,TEU,2,,447,0.0,0.0
,1,,,,0,,LOW,RECURRING,HIGH,17636.22,0.0,0.0,0,,0.0,0.0,agent,,TEU,1,,447,0.0,0.0
,1,,,,0,,LOW,RECURRING,HIGH,17636.22,0.0,0.0,0,,0.0,0.0,agent,,FEU,1,,447,0.0,0.0
,1,,,,0,,LOW,RECURRING,HIGH,17636.22,0.0,0.0,0,,0.0,0.0,agent,,REEF,1,,447,0.0,0.0
,0,,,,0,,LOW,RECURRING,HIGH,5578.73,0.0,0.0,0,,0.0,0.0,agent,,HC,1,,448,0.0,0.0
,1,,,,0,,HIGH,NEW,HIGH,8264.15,0.0,0.0,0,,0.0,0.0,agent,,TEU,3,,448,0.0,0.0
,2,,,,0,,HIGH,RECURRING,HIGH,9317.97,0.0,0.0,0,,0.0,0.0,agent,,TEU,1,,448,0.0,0.0
,2,,,,0,,HIGH,RECURRING,HIGH,9317.97,0.0,0.0,0,,0.0,0.0,agent,,FEU,1,,448,0.0,0.0
,0,,,,0,,LOW,RECURRING,HIGH,8687.45,0.0,0.0,0,,0.0,0.0,agent,,TEU,1,,449,0.0,0.0
,0,,,,0,,LOW,RECURRING,HIGH,8687.45,0.0,0.0,0,,0.0,0.0,agent,,HC,1,,449,0.0,0.0
,1,,,,0,,HIGH,RECURRING,HIGH,6648.62,0.0,0.0,0,,0.0,0.0,agent,,TEU,2,,449,0.0,0.0
,0,,,,0,,HIGH,RECURRING,HIGH,9977.87,0.0,0.0,0,,0.0,0.0,agent,,FEU,2,,450,0.0,0.0
,1,,,,0,,LOW,RECURRING,HIGH,17574.15,0.0,0.0,0,,0.0,0.0,agent,,TEU,1,,450,0.0,0.0
,1,,,,0,,LOW,RECURRING,HIGH,17574.15,0.0,0.0,0,,0.0,0.0,agent,,FEU,1,,450,0.0,0.0
,1,,,,0,,LOW,RECURRING,HIGH,17574.15,0.0,0.0,0,,0.0,0.0,agent,,HC,1,,450,0.0,0.0
,2,,,,0,,LOW,RECURRING,HIGH,13547.46,0.0,0.0,0,,0.0,0.0,agent,,TEU,1,,450,0.0,0.0
,2,,,,0,,LOW,RECURRING,HIGH,13547.46,0.0,0.0,0,,0.0,0.0,agent,,FEU,2,,450,0.0,0.0
,3,,,,0,,HIGH,RECURRING,HIGH,11945.78,0.0,0.0,0,,0.0,0.0,agent,,REEF,1,,450,0.0,0.0
,0,,,,0,,LOW,NEW,HIGH,7211.47,0.0,0.0,0,,0.0,0.0,agent,,TEU,2,,452,0.0,0.0
,1,,,,0,,LOW,RECURRING,HIGH,42460.8,0.0,0.0,0,,0.0,0.0,agent,,TEU,4,,452,0.0,0.0
,1,,,,0,,LOW,RECURRING,HIGH,42460.8,0.0,0.0,0,,0.0,0.0,agent,,FEU,2,,452,0.0,0.0
,1,,,,0,,LOW,RECURRING,HIGH,42460.8,0.0,0.0,0,,0.0,0.0,agent,,HC,2,,452,0.0,0.0
,1,,,,0,,LOW,RECURRING,HIGH,42460.8,0.0,0.0,0,,0.0,0.0,agent,,REEF,1,,452,0.0,0.0
,2,,,,0,,LOW,NEW,HIGH,10464.34,0.0,0.0,0,,0.0,0.0,agent,,TEU,4,,452,0.0,0.0
,3,,,,0,,HIGH,NEW,HIGH,15748.81,0.0,0.0,0,,0.0,0.0,agent,,TEU,1,,452,0.0,0.0
,3,,,,0,,HIGH,NEW,HIGH,15748.81,0.0,0.0,0,,0.0,0.0,agent,,FEU,2,,452,0.0,0.0
,4,,,,0,,HIGH,NEW,HIGH,19140.91,0.0,0.0,0,,0.0,0.0,agent,,TEU,1,,452,0.0,0.0
,4,,,,0,,HIGH,NEW,HIGH,19140.91,0.0,0.0,0,,0.0,0.0,agent,,HC,1,,452,0.0,0.0
,4,,,,0,,HIGH,NEW,HIGH,19140.91,0.0,0.0,0,,0.0,0.0,agent,,REEF,1,,452,0.0,0.0
,0,,,,0,,HIGH,NEW,HIGH,14436.47,0.0,0.0,0,,0.0,0.0,agent,,FEU,2,,453,0.0,0.0
,0,,,,0,,HIGH,NEW,HIGH,14436.47,0.0,0.0,0,,0.0,0.0,agent,,HC,1,,453,0.0,0.0
,1,,,,0,,LOW,RECURRING,HIGH,3185.3,0.0,0.0,0,,0.0,0.0,agent,,TEU,1,,453,0.0,0.0
,2,,,,0,,HIGH,RECURRING,HIGH,2864.01,0.0,0.0,0,,0.0,0.0,agent,,TEU,1,,453,0.0,0.0
,0,,,,0,,LOW,NEW,HIGH,14953.39,0.0,0.0,0,,0.0,0.0,agent,,TEU,2,,454,0.0,0.0
,0,,,,0,,LOW,NEW,HIGH,14953.39,0.0,0.0,0,,0.0,0.0,agent,,FEU,1,,454,0.0,0.0
,0,,,,0,,LOW,NEW,HIGH,14953.39,0.0,0.0,0,,0.0,0.0,agent,,HC,1,,454,0.0,0.0
,0,,,,0,,HIGH,NEW,HIGH,10821.06,0.0,0.0,0,,0.0,0.0,agent,,TEU,2,,455,0.0,0.0
,0,,,,0,,HIGH,NEW,HIGH,10821.06,0.0,0.0,0,,0.0,0.0,agent,,HC,1,,455,0.0,0.0
,1,,,,0,,HIGH,RECURRING,HIGH,3500.41,0.0,0.0,0,,0.0,0.0,agent,,TEU,1,,455,0.0,0.0
,0,,,,0,,HIGH,NEW,HIGH,12432.24,0.0,0.0,0,,0.0,0.0,agent,,TEU,1,,456,0.0,0.0
,0,,,,0,,HIGH,NEW,HIGH,12432.24,0.0,0.0,0,,0.0,0.0,agent,,FEU,2,,456,0.0,0.0
,1,,,,0,,HIGH,NEW,HIGH,5849.65,0.0,0.0,0,,0.0,0.0,agent,,FEU,1,,456,0.0,0.0
,2,,,,0,,HIGH,NEW,HIGH,17894.96,0.0,0.0,0,,0.0,0.0,agent,,TEU,1,,456,0.0,0.0
,2,,,,0,,HIGH,NEW,HIGH,17894.96,0.0,0.0,0,,0.0,0.0,agent,,FEU,1,,456,0.0,0.0
,2,,,,0,,HIGH,NEW,HIGH,17894.96,0.0,0.0,0,,0.0,0.0,agent,,HC,2,,456,0.0,0.0
,3,,,,0,,LOW,RECURRING,HIGH,7520.71,0.0,0.0,0,,0.0,0.0,agent,,TEU,3,,456,0.0,0.0
,0,,,,0,,LOW,RECURRING,HIGH,12947.6,0.0,0.0,0,,0.0,0.0,agent,,TEU,1,,457,0.0,0.0
,0,,,,0,,LOW,RECURRING,HIGH,12947.6,0.0,0.0,0,,0.0,0.0,agent,,FEU,2,,457,0.0,0.0
,1,,,,0,,HIGH,NEW,HIGH,2835.37,0.0,0.0,0,,0.0,0.0,agent,,TEU,1,,457,0.0,0.0
,0,,,,0,,LOW,NEW,HIGH,6516.57,0.0,0.0,0,,0.0,0.0,agent,,HC,1,,458,0.0,0.0
,1,,,,0,,HIGH,RECURRING,HIGH,2535.6,0.0,0.0,0,,0.0,0.0,agent,,TEU,1,,458,0.0,0.0
,0,,,,0,,HIGH,NEW,HIGH,11499.72,0.0,0.0,0,,0.0,0.0,agent,,FEU,1,,459,0.0,0.0
,0,,,,0,,HIGH,NEW,HIGH,11499.72,0.0,0.0,0,,0.0,0.0,agent,,HC,1,,459,0.0,0.0
,1,,,,0,,LOW,RECURRING,HIGH,16705.96,0.0,0.0,0,,0.0,0.0,agent,,TEU,2,,459,0.0,0.0
,1,,,,0,,LOW,RECURRING,HIGH,16705.96,0.0,0.0,0,,0.0,0.0,agent,,FEU,2,,459,0.0,0.0
,2,,,,0,,HIGH,NEW,HIGH,5105.84,0.0,0.0,0,,0.0,0.0,agent,,HC,1,,459,0.0,0.0
,3,,,,0,,LOW,RECURRING,HIGH,9999.25,0.0,0.0,0,,0.0,0.0,agent,,TEU,1,,459,0.0,0.0
,3,,,,0,,LOW,RECURRING,HIGH,9999.25,0.0,0.0,0,,0.0,0.0,agent,,FEU,1,,459,0.0,0.0
,4,,,,0,,LOW,NEW,HIGH,5929.7,0.0,0.0,0,,0.0,0.0,agent,,FEU,1,,459,0.0,0.0
,0,,,,0,,LOW,RECURRING,HIGH,11434.71,0.0,0.0,0,,0.0,0.0,agent,,FEU,1,,460,0.0,0.0
,0,,,,0,,LOW,RECURRING,HIGH,11434.71,0.0,0.0,0,,0.0,0.0,agent,,HC,1,,460,0.0,0.0
,0,,,,0,,LOW,NEW,HIGH,4613.63,0.0,0.0,0,,0.0,0.0,agent,,FEU,1,,461,0.0,0.0
,1,,,,0,,HIGH,RECURRING,HIGH,5645.85,0.0,0.0,0,,0.0,0.0,agent,,HC,1,,461,0.0,0.0
,2,,,,0,,LOW,NEW,HIGH,34401.17,0.0,0.0,0,,0.0,0.0,agent,,TEU,3,,461,0.0,0.0
,2,,,,0,,LOW,NEW,HIGH,34401.17,0.0,0.0,0,,0.0,0.0,agent,,REEF,2,,461,0.0,0.0
,3,,,,0,,HIGH,RECURRING,HIGH,6934.65,0.0,0.0,0,,0.0,0.0,agent,,TEU,2,,461,0.0,0.0
,4,,,,0,,LOW,RECURRING,HIGH,11020.41,0.0,0.0,0,,0.0,0.0,agent,,TEU,2,,461,0.0,0.0
,4,,,,0,,LOW,RECURRING,HIGH,11020.41,0.0,0.0,0,,0.0,0.0,agent,,HC,1,,461,0.0,0.0
,5,,,,0,,LOW,RECURRING,HIGH,8614.14,0.0,0.0,0,,0.0,0.0,agent,,TEU,1,,461,0.0,0.0
,5,,,,0,,LOW,RECURRING,HIGH,8614.14,0.0,0.0,0,,0.0,0.0,agent,,FEU,1,,461,0.0,0.0
,6,,,,0,,LOW,NEW,HIGH,13674.5,0.0,0.0,0,,0.0,0.0,agent,,TEU,4,,461,0.0,0.0
,0,,,,0,,HIGH,NEW,HIGH,12269.78,0.0,0.0,0,,0.0,0.0,agent,,TEU,2,,462,0.0,0.0
,0,,,,0,,HIGH,NEW,HIGH,12269.78,0.0,0.0,0,,0.0,0.0,agent,,FEU,1,,462,0.0,0.0
,1,,,,0,,LOW,RECURRING,HIGH,11574.26,0.0,0.0,0,,0.0,0.0,agent,,TEU,2,,462,0.0,0.0
,1,,,,0,,LOW,RECURRING,HIGH,11574.26,0.0,0.0,0,,0.0,0.0,agent,,HC,1,,462,0.0,0.0
,2,,,,0,,LOW,RECURRING,HIGH,17430.51,0.0,0.0,0,,0.0,0.0,agent,,TEU,2,,462,0.0,0.0
,2,,,,0,,LOW,RECURRING,HIGH,17430.51,0.0,0.0,0,,0.0,0.0,agent,,FEU,1,,462,0.0,0.0
,2,,,,0,,LOW,RECURRING,HIGH,17430.51,0.0,0.0,0,,0.0,0.0,agent,,HC,1,,462,0.0,0.0
,3,,,,0,,LOW,NEW,HIGH,16596.83,0.0,0.0,0,,0.0,0.0,agent,,TEU,1,,462,0.0,0.0
,3,,,,0,,LOW,NEW,HIGH,16596.83,0.0,0.0,0,,0.0,0.0,agent,,FEU,2,,462,0.0,0.0
,0,,,,0,,LOW,NEW,HIGH,30937.45,0.0,0.0,0,,0.0,0.0,agent,,TEU,3,,463,0.0,0.0
,0,,,,0,,LOW,NEW,HIGH,30937.45,0.0,0.0,0,,0.0,0.0,agent,,FEU,2,,463,0.0,0.0
,0,,,,0,,LOW,NEW,HIGH,30937.45,0.0,0.0,0,,0.0,0.0,agent,,HC,1,,463,0.0,0.0
,1,,,,0,,LOW,NEW,HIGH,11347.89,0.0,0.0,0,,0.0,0.0,agent,,TEU,4,,463,0.0,0.0
,0,,,,0,,LOW,RECURRING,HIGH,12200.91,0.0,0.0,0,,0.0,0.0,agent,,FEU,1,,464,0.0,0.0
,0,,,,0,,LOW,RECURRING,HIGH,12200.91,0.0,0.0,0,,0.0,0.0,agent,,HC,1,,464,0.0,0.0
,1,,,,0,,LOW,NEW,HIGH,3502.73,0.0,0.0,0,,0.0,0.0,agent,,TEU,1,,464,0.0,0.0
,2,,,,0,,HIGH,RECURRING,HIGH,23410.01,0.0,0.0,0,,0.0,0.0,agent,,TEU,3,,464,0.0,0.0
,2,,,,0,,HIGH,RECURRING,HIGH,23410.01,0.0,0.0,0,,0.0,0.0,agent,,HC,1,,464,0.0,0.0
,2,,,,0,,HIGH,RECURRING,HIGH,23410.01,0.0,0.0,0,,0.0,0.0,agent,,REEF,1,,464,0.0,0.0
,3,,,,0,,LOW,RECURRING,HIGH,6440.77,0.0,0.0,0,,0.0,0.0,agent,,FEU,1,,464,0.0,0.0
,0,,,,0,,LOW,RECURRING,HIGH,11866.04,0.0,0.0,0,,0.0,0.0,agent,,TEU,1,,465,0.0,0.0
,0,,,,0,,LOW,RECURRING,HIGH,11866.04,0.0,0.0,0,,0.0,0.0,agent,,REEF,1,,465,0.0,0.0
,1,,,,0,,LOW,NEW,HIGH,2937.59,0.0,0.0,0,,0.0,0.0,agent,,TEU,1,,465,0.0,0.0
,2,,,,0,,HIGH,NEW,HIGH,10064.02,0.0,0.0,0,,0.0,0.0,agent,,TEU,3,,465,0.0,0.0
,0,,,,0,,HIGH,NEW,HIGH,20190.37,0.0,0.0,0,,0.0,0.0,agent,,TEU,1,,466,0.0,0.0
,0,,,,0,,HIGH,NEW,HIGH,20190.37,0.0,0.0,0,,0.0,0.0,agent,,FEU,1,,466,0.0,0.0
,0,,,,0,,HIGH,NEW,HIGH,20190.37,0.0,0.0,0,,0.0,0.0,agent,,REEF,1,,466,0.0,0.0
,1,,,,0,,LOW,NEW,HIGH,2618.11,0.0,0.0,0,,0.0,0.0,agent,,TEU,1,,466,0.0,0.0
,2,,,,0,,LOW,NEW,HIGH,14102.6,0.0,0.0,0,,0.0,0.0,agent,,TEU,2,,466,0.0,0.0
,2,,,,0,,LOW,NEW,HIGH,14102.6,0.0,0.0,0,,0.0,0.0,agent,,HC,1,,466,0.0,0.0
,3,,,,0,,HIGH,NEW,HIGH,18774.8,0.0,0.0,0,,0.0,0.0,agent,,TEU,1,,466,0.0,0.0
,3,,,,0,,HIGH,NEW,HIGH,18774.8,0.0,0.0,0,,0.0,0.0,agent,,HC,1,,466,0.0,0.0
,3,,,,0,,HIGH,NEW,HIGH,18774.8,0.0,0.0,0,,0.0,0.0,agent,,REEF,1,,466,0.0,0.0
,0,,,,0,,HIGH,RECURRING,HIGH,3439.99,0.0,0.0,0,,0.0,0.0,agent,,TEU,1,,467,0.0,0.0
,1,,,,0,,LOW,NEW,HIGH,14594.49,0.0,0.0,0,,0.0,0.0,agent,,TEU,2,,467,0.0,0.0
,1,,,,0,,LOW,NEW,HIGH,14594.49,0.0,0.0,0,,0.0,0.0,agent,,HC,1,,467,0.0,0.0
,2,,,,0,,LOW,RECURRING,HIGH,5519.51,0.0,0.0,0,,0.0,0.0,agent,,FEU,1,,467,0.0,0.0
,3,,,,0,,HIGH,NEW,HIGH,8965.19,0.0,0.0,0,,0.0,0.0,agent,,TEU,1,,467,0.0,0.0
,3,,,,0,,HIGH,NEW,HIGH,8965.19,0.0,0.0,0,,0.0,0.0,agent,,HC,1,,467,0.0,0.0
,0,,,,0,,LOW,RECURRING,HIGH,15596.0,0.0,0.0,0,,0.0,0.0,agent,,TEU,4,,468,0.0,0.0
,0,,,,0,,LOW,RECURRING,HIGH,15596.0,0.0,0.0,0,,0.0,0.0,agent,,FEU,1,,468,0.0,0.0
,1,,,,0,,LOW,NEW,HIGH,17170.11,0.0,0.0,0,,0.0,0.0,agent,,TEU,3,,468,0.0,0.0
,1,,,,0,,LOW,NEW,HIGH,17170.11,0.0,0.0,0,,0.0,0.0,agent,,FEU,1,,468,0.0,0.0
,2,,,,0,,LOW,RECURRING,HIGH,4590.91,0.0,0.0,0,,0.0,0.0,agent,,FEU,1,,468,0.0,0.0
,0,,,,0,,LOW,NEW,HIGH,9990.28,0.0,0.0,0,,0.0,0.0,agent,,TEU,1,,469,0.0,0.0
,0,,,,0,,LOW,NEW,HIGH,9990.28,0.0,0.0,0,,0.0,0.0,agent,,FEU,1,,469,0.0,0.0
,1,,,,0,,HIGH,RECURRING,HIGH,7019.29,0.0,0.0,0,,0.0,0.0,agent,,TEU,2,,469,0.0,0.0
,2,,,,0,,HIGH,RECURRING,HIGH,3372.01,0.0,0.0,0,,0.0,0.0,agent,,TEU,1,,469,0.0,0.0
,3,,,,0,,LOW,RECURRING,HIGH,6353.11,0.0,0.0,0,,0.0,0.0,agent,,HC,1,,469,0.0,0.0
,4,,,,0,,HIGH,RECURRING,HIGH,4962.68,0.0,0.0,0,,0.0,0.0,agent,,FEU,1,,469,0.0,0.0
,0,,,,0,,LOW,RECURRING,HIGH,2922.45,0.0,0.0,0,,0.0,0.0,agent,,TEU,1,,470,0.0,0.0
,1,,,,0,,LOW,NEW,HIGH,39449.16,0.0,0.0,0,,0.0,0.0,agent,,TEU,2,,470,0.0,0.0
,1,,,,0,,LOW,NEW,HIGH,39449.16,0.0,0.0,0,,0.0,0.0,agent,,FEU,4,,470,0.0,0.0
,1,,,,0,,LOW,NEW,HIGH,39449.16,0.0,0.0,0,,0.0,0.0,agent,,HC,1,,470,0.0,0.0
,2,,,,0,,LOW,RECURRING,HIGH,3554.05,0.0,0.0,0,,0.0,0.0,agent,,TEU,1,,470,0.0,0.0
,3,,,,0,,LOW,NEW,HIGH,17859.61,0.0,0.0,0,,0.0,0.0,agent,,TEU,2,,470,0.0,0.0
,3,,,,0,,LOW,NEW,HIGH,17859.61,0.0,0.0,0,,0.0,0.0,agent,,FEU,1,,470,0.0,0.0
,3,,,,0,,LOW,NEW,HIGH,17859.61,0.0,0.0,0,,0.0,0.0,agent,,REEF,1,,470,0.0,0.0
,4,,,,0,,LOW,RECURRING,HIGH,12399.01,0.0,0.0,0,,0.0,0.0,agent,,HC,2,,470,0.0,0.0
,5,,,,0,,HIGH,NEW,HIGH,9774.65,0.0,0.0,0,,0.0,0.0,agent,,TEU,1,,470,0.0,0.0
,5,,,,0,,HIGH,NEW,HIGH,9774.65,0.0,0.0,0,,0.0,0.0,agent,,HC,1,,470,0.0,0.0
,0,,,,0,,LOW,RECURRING,HIGH,5059.85,0.0,0.0,0,,0.0,0.0,agent,,TEU,2,,471,0.0,0.0
,1,,,,0,,LOW,NEW,HIGH,10419.84,0.0,0.0,0,,0.0,0.0,agent,,TEU,1,,471,0.0,0.0
,1,,,,0,,LOW,NEW,HIGH,10419.84,0.0,0.0,0,,0.0,0.0,agent,,FEU,1,,471,0.0,0.0
,2,,,,0,,LOW,RECURRING,HIGH,12955.7,0.0,0.0,0,,0.0,0.0,agent,,TEU,2,,471,0.0,0.0
,2,,,,0,,LOW,RECURRING,HIGH,12955.7,0.0,0.0,0,,0.0,0.0,agent,,FEU,1,,471,0.0,0.0
,0,,,,0,,LOW,RECURRING,HIGH,14108.62,0.0,0.0,0,,0.0,0.0,agent,,TEU,2,,472,0.0,0.0
,0,,,,0,,LOW,RECURRING,HIGH,14108.62,0.0,0.0,0,,0.0,0.0,agent,,HC,1,,472,0.0,0.0
,1,,,,0,,HIGH,NEW,HIGH,13512.24,0.0,0.0,0,,0.0,0.0,agent,,TEU,2,,472,0.0,0.0
,1,,,,0,,HIGH,NEW,HIGH,13512.24,0.0,0.0,0,,0.0,0.0,agent,,REEF,1,,472,0.0,0.0
,0,,,,0,,LOW,NEW,HIGH,3529.63,0.0,0.0,0,,0.0,0.0,agent,,TEU,1,,475,0.0,0.0
,1,,,,0,,HIGH,RECURRING,HIGH,10061.18,0.0,0.0,0,,0.0,0.0,agent,,TEU,2,,475,0.0,0.0
,1,,,,0,,HIGH,RECURRING,HIGH,10061.18,0.0,0.0,0,,0.0,0.0,agent,,FEU,1,,475,0.0,0.0
,2,,,,0,,HIGH,RECURRING,HIGH,7745.81,0.0,0.0,0,,0.0,0.0,agent,,TEU,1,,475,0.0,0.0
,2,,,,0,,HIGH,RECURRING,HIGH,7745.81,0.0,0.0,0,,0.0,0.0,agent,,HC,1,,475,0.0,0.0
,3,,,,0,,HIGH,NEW,HIGH,4649.26,0.0,0.0,0,,0.0,0.0,agent,,FEU,1,,475,0.0,0.0
,0,,,,0,,LOW,NEW,HIGH,10125.06,0.0,0.0,0,,0.0,0.0,agent,,TEU,1,,476,0.0,0.0
,0,,,,0,,LOW,NEW,HIGH,10125.06,0.0,0.0,0,,0.0,0.0,agent,,HC,1,,476,0.0,0.0
,0,,,,0,,LOW,NEW,HIGH,6763.21,0.0,0.0,0,,0.0,0.0,agent,,HC,1,,477,0.0,0.0
,1,,,,0,,HIGH,NEW,HIGH,10515.64,0.0,0.0,0,,0.0,0.0,agent,,HC,2,,477,0.0,0.0
,2,,,,0,,LOW,NEW,HIGH,20119.02,0.0,0.0,0,,0.0,0.0,agent,,TEU,1,,477,0.0,0.0
,2,,,,0,,LOW,NEW,HIGH,20119.02,0.0,0.0,0,,0.0,0.0,agent,,FEU,1,,477,0.0,0.0
,2,,,,0,,LOW,NEW,HIGH,20119.02,0.0,0.0,0,,0.0,0.0,agent,,HC,2,,477,0.0,0.0
,3,,,,0,,LOW,NEW,HIGH,16503.07,0.0,0.0,0,,0.0,0.0,agent,,TEU,3,,477,0.0,0.0
,3,,,,0,,LOW,NEW,HIGH,16503.07,0.0,0.0,0,,0.0,0.0,agent,,FEU,1,,477,0.0,0.0
,0,,,,0,,HIGH,RECURRING,HIGH,7718.7,0.0,0.0,0,,0.0,0.0,agent,,TEU,1,,478,0.0,0.0
,0,,,,0,,HIGH,RECURRING,HIGH,7718.7,0.0,0.0,0,,0.0,0.0,agent,,FEU,1,,478,0.0,0.0
,1,,,,0,,HIGH,NEW,HIGH,13480.45,0.0,0.0,0,,0.0,0.0,agent,,TEU,2,,478,0.0,0.0
,1,,,,0,,HIGH,NEW,HIGH,13480.45,0.0,0.0,0,,0.0,0.0,agent,,FEU,1,,478,0.0,0.0
,2,,,,0,,LOW,RECURRING,HIGH,7507.03,0.0,0.0,0,,0.0,0.0,agent,,TEU,1,,478,0.0,0.0
,2,,,,0,,LOW,RECURRING,HIGH,7507.03,0.0,0.0,0,,0.0,0.0,agent,,HC,1,,478,0.0,0.0
,0,,,,0,,LOW,RECURRING,HIGH,3034.28,0.0,0.0,0,,0.0,0.0,agent,,TEU,1,,479,0.0,0.0
,1,,,,0,,HIGH,NEW,HIGH,3280.08,0.0,0.0,0,,0.0,0.0,agent,,TEU,1,,479,0.0,0.0
,0,,,,0,,HIGH,RECURRING,HIGH,12035.61,0.0,0.0,0,,0.0,0.0,agent,,TEU,1,,481,0.0,0.0
,0,,,,0,,HIGH,RECURRING,HIGH,12035.61,0.0,0.0,0,,0.0,0.0,agent,,FEU,1,,481,0.0,0.0
,0,,,,0,,HIGH,RECURRING,HIGH,12035.61,0.0,0.0,0,,0.0,0.0,agent,,HC,1,,481,0.0,0.0
,1,,,,0,,HIGH,RECURRING,HIGH,5351.89,0.0,0.0,0,,0.0,0.0,agent,,FEU,1,,481,0.0,0.0
,2,,,,0,,LOW,NEW,HIGH,15830.68,0.0,0.0,0,,0.0,0.0,agent,,TEU,1,,481,0.0,0.0
,2,,,,0,,LOW,NEW,HIGH,15830.68,0.0,0.0,0,,0.0,0.0,agent,,FEU,2,,481,0.0,0.0
,0,,,,0,,LOW,RECURRING,HIGH,5813.98,0.0,0.0,0,,0.0,0.0,agent,,TEU,2,,482,0.0,0.0
,1,,,,0,,LOW,NEW,HIGH,27827.26,0.0,0.0,0,,0.0,0.0,agent,,TEU,2,,482,0.0,0.0
,1,,,,0,,LOW,NEW,HIGH,27827.26,0.0,0.0,0,,0.0,0.0,agent,,FEU,1,,482,0.0,0.0
,1,,,,0,,LOW,NEW,HIGH,27827.26,0.0,0.0,0,,0.0,0.0,agent,,HC,2,,482,0.0,0.0
,2,,,,0,,LOW,RECURRING,HIGH,8594.11,0.0,0.0,0,,0.0,0.0,agent,,TEU,3,,482,0.0,0.0
,3,,,,0,,HIGH,RECURRING,HIGH,9684.57,0.0,0.0,0,,0.0,0.0,agent,,TEU,3,,482,0.0,0.0
,0,,,,0,,LOW,RECURRING,HIGH,15702.85,0.0,0.0,0,,0.0,0.0,agent,,TEU,2,,483,0.0,0.0
,0,,,,0,,LOW,RECURRING,HIGH,15702.85,0.0,0.0,0,,0.0,0.0,agent,,FEU,1,,483,0.0,0.0
,0,,,,0,,LOW,RECURRING,HIGH,15702.85,0.0,0.0,0,,0.0,0.0,agent,,HC,1,,483,0.0,0.0
,1,,,,0,,LOW,NEW,HIGH,5291.05,0.0,0.0,0,,0.0,0.0,agent,,HC,1,,483,0.0,0.0
,2,,,,0,,HIGH,NEW,HIGH,30341.3,0.0,0.0,0,,0.0,0.0,agent,,HC,1,,483,0.0,0.0
,2,,,,0,,HIGH,NEW,HIGH,30341.3,0.0,0.0,0,,0.0,0.0,agent,,REEF,2,,483,0.0,0.0
,3,,,,0,,HIGH,RECURRING,HIGH,21394.09,0.0,0.0,0,,0.0,0.0,agent,,TEU,1,,483,0.0,0.0
,3,,,,0,,HIGH,RECURRING,HIGH,21394.09,0.0,0.0,0,,0.0,0.0,agent,,FEU,2,,483,0.0,0.0
,3,,,,0,,HIGH,RECURRING,HIGH,21394.09,0.0,0.0,0,,0.0,0.0,agent,,REEF,1,,483,0.0,0.0
,0,,,,0,,HIGH,RECURRING,HIGH,13912.53,0.0,0.0,0,,0.0,0.0,agent,,HC,2,,484,0.0,0.0
,1,,,,0,,LOW,RECURRING,HIGH,11127.57,0.0,0.0,0,,0.0,0.0,agent,,FEU,1,,484,0.0,0.0
,1,,,,0,,LOW,RECURRING,HIGH,11127.57,0.0,0.0,0,,0.0,0.0,agent,,HC,1,,484,0.0,0.0
,0,,,,0,,LOW,NEW,HIGH,29396.37,0.0,0.0,0,,0.0,0.0,agent,,TEU,1,,485,0.0,0.0
,0,,,,0,,LOW,NEW,HIGH,29396.37,0.0,0.0,0,,0.0,0.0,agent,,FEU,3,,485,0.0,0.0
,0,,,,0,,LOW,NEW,HIGH,29396.37,0.0,0.0,0,,0.0,0.0,agent,,HC,1,,485,0.0,0.0
,0,,,,0,,LOW,NEW,HIGH,29396.37,0.0,0.0,0,,0.0,0.0,agent,,REEF,1,,485,0.0,0.0
,1,,,,0,,LOW,RECURRING,HIGH,3688.46,0.0,0.0,0,,0.0,0.0,agent,,TEU,1,,485,0.0,0.0
,2,,,,0,,LOW,NEW,HIGH,4728.97,0.0,0.0,0,,0.0,0.0,agent,,FEU,1,,485,0.0,0.0
,3,,,,0,,HIGH,RECURRING,HIGH,23663.39,0.0,0.0,0,,0.0,0.0,agent,,TEU,3,,485,0.0,0.0
,3,,,,0,,HIGH,RECURRING,HIGH,23663.39,0.0,0.0,0,,0.0,0.0,agent,,FEU,1,,485,0.0,0.0
,3,,,,0,,HIGH,RECURRING,HIGH,23663.39,0.0,0.0,0,,0.0,0.0,agent,,REEF,1,,485,0.0,0.0
,4,,,,0,,LOW,RECURRING,HIGH,12778.77,0.0,0.0,0,,0.0,0.0,agent,,TEU,2,,485,0.0,0.0
,4,,,,0,,LOW,RECURRING,HIGH,12778.77,0.0,0.0,0,,0.0,0.0,agent,,FEU,1,,485,0.0,0.0
,0,,,,0,,HIGH,NEW,HIGH,13153.42,0.0,0.0,0,,0.0,0.0,agent,,TEU,1,,486,0.0,0.0
,0,,,,0,,HIGH,NEW,HIGH,13153.42,0.0,0.0,0,,0.0,0.0,agent,,REEF,1,,486,0.0,0.0
,1,,,,0,,LOW,RECURRING,HIGH,12838.66,0.0,0.0,0,,0.0,0.0,agent,,TEU,1,,486,0.0,0.0
,1,,,,0,,LOW,RECURRING,HIGH,12838.66,0.0,0.0,0,,0.0,0.0,agent,,FEU,1,,486,0.0,0.0
,1,,,,0,,LOW,RECURRING,HIGH,12838.66,0.0,0.0,0,,0.0,0.0,agent,,HC,1,,486,0.0,0.0
,0,,,,0,,LOW,NEW,HIGH,6432.54,0.0,0.0,0,,0.0,0.0,agent,,FEU,1,,487,0.0,0.0
,0,,,,0,,LOW,RECURRING,HIGH,11793.32,0.0,0.0,0,,0.0,0.0,agent,,TEU,2,,488,0.0,0.0
,0,,,,0,,LOW,RECURRING,HIGH,11793.32,0.0,0.0,0,,0.0,0.0,agent,,HC,1,,488,0.0,0.0
,1,,,,0,,LOW,NEW,HIGH,16047.9,0.0,0.0,0,,0.0,0.0,agent,,TEU,2,,488,0.0,0.0
,1,,,,0,,LOW,NEW,HIGH,16047.9,0.0,0.0,0,,0.0,0.0,agent,,HC,2,,488,0.0,0.0
,2,,,,0,,LOW,RECURRING,HIGH,2740.5,0.0,0.0,0,,0.0,0.0,agent,,TEU,1,,488,0.0,0.0
,3,,,,0,,HIGH,NEW,HIGH,3150.88,0.0,0.0,0,,0.0,0.0,agent,,TEU,1,,488,0.0,0.0
,0,,,,0,,LOW,NEW,HIGH,5614.65,0.0,0.0,0,,0.0,0.0,agent,,HC,1,,490,0.0,0.0
,1,,,,0,,LOW,NEW,HIGH,16308.37,0.0,0.0,0,,0.0,0.0,agent,,TEU,1,,490,0.0,0.0
,1,,,,0,,LOW,NEW,HIGH,16308.37,0.0,0.0,0,,0.0,0.0,agent,,FEU,1,,490,0.0,0.0
,1,,,,0,,LOW,NEW,HIGH,16308.37,0.0,0.0,0,,0.0,0.0,agent,,REEF,1,,490,0.0,0.0
,0,,,,0,,HIGH,NEW,HIGH,5742.78,0.0,0.0,0,,0.0,0.0,agent,,FEU,1,,491,0.0,0.0
,1,,,,0,,LOW,RECURRING,HIGH,3013.82,0.0,0.0,0,,0.0,0.0,agent,,TEU,1,,491,0.0,0.0
,0,,,,0,,LOW,RECURRING,HIGH,2866.37,0.0,0.0,0,,0.0,0.0,agent,,TEU,1,,492,0.0,0.0
,1,,,,0,,HIGH,NEW,HIGH,6651.45,0.0,0.0,0,,0.0,0.0,agent,,HC,1,,492,0.0,0.0
,2,,,,0,,LOW,NEW,HIGH,10462.58,0.0,0.0,0,,0.0,0.0,agent,,TEU,2,,492,0.0,0.0
,2,,,,0,,LOW,NEW,HIGH,10462.58,0.0,0.0,0,,0.0,0.0,agent,,FEU,1,,492,0.0,0.0
,3,,,,0,,HIGH,RECURRING,HIGH,2581.66,0.0,0.0,0,,0.0,0.0,agent,,TEU,1,,492,0.0,0.0
,4,,,,0,,LOW,RECURRING,HIGH,9257.88,0.0,0.0,0,,0.0,0.0,agent,,TEU,1,,492,0.0,0.0
,4,,,,0,,LOW,RECURRING,HIGH,9257.88,0.0,0.0,0,,0.0,0.0,agent,,HC,1,,492,0.0,0.0
,5,,,,0,,HIGH,NEW,HIGH,8274.58,0.0,0.0,0,,0.0,0.0,agent,,REEF,1,,492,0.0,0.0
,0,,,,0,,HIGH,NEW,HIGH,17696.93,0.0,0.0,0,,0.0,0.0,agent,,FEU,1,,493,0.0,0.0
,0,,,,0,,HIGH,NEW,HIGH,17696.93,0.0,0.0,0,,0.0,0.0,agent,,HC,1,,493,0.0,0.0
,0,,,,0,,HIGH,NEW,HIGH,17696.93,0.0,0.0,0,,0.0,0.0,agent,,REEF,1,,493,0.0,0.0
,1,,,,0,,HIGH,NEW,HIGH,7244.53,0.0,0.0,0,,0.0,0.0,agent,,TEU,2,,493,0.0,0.0
,2,,,,0,,HIGH,NEW,HIGH,18916.24,0.0,0.0,0,,0.0,0.0,agent,,TEU,3,,493,0.0,0.0
,2,,,,0,,HIGH,NEW,HIGH,18916.24,0.0,0.0,0,,0.0,0.0,agent,,FEU,1,,493,0.0,0.0
,2,,,,0,,HIGH,NEW,HIGH,18916.24,0.0,0.0,0,,0.0,0.0,agent,,HC,1,,493,0.0,0.0
,3,,,,0,,LOW,NEW,HIGH,11669.12,0.0,0.0,0,,0.0,0.0,agent,,HC,2,,493,0.0,0.0
,0,,,,0,,LOW,RECURRING,HIGH,2982.2,0.0,0.0,0,,0.0,0.0,agent,,TEU,1,,494,0.0,0.0
,1,,,,0,,LOW,RECURRING,HIGH,12675.05,0.0,0.0,0,,0.0,0.0,agent,,TEU,2,,494,0.0,0.0
,1,,,,0,,LOW,RECURRING,HIGH,12675.05,0.0,0.0,0,,0.0,0.0,agent,,HC,1,,494,0.0,0.0
,2,,,,0,,HIGH,RECURRING,HIGH,9630.91,0.0,0.0,0,,0.0,0.0,agent,,FEU,1,,494,0.0,0.0
,2,,,,0,,HIGH,RECURRING,HIGH,9630.91,0.0,0.0,0,,0.0,0.0,agent,,HC,1,,494,0.0,0.0
,0,,,,0,,LOW,RECURRING,HIGH,10095.27,0.0,0.0,0,,0.0,0.0,agent,,TEU,1,,495,0.0,0.0
,0,,,,0,,LOW,RECURRING,HIGH,10095.27,0.0,0.0,0,,0.0,0.0,agent,,FEU,1,,495,0.0,0.0
,1,,,,0,,LOW,NEW,HIGH,9274.56,0.0,0.0,0,,0.0,0.0,agent,,TEU,1,,495,0.0,0.0
,1,,,,0,,LOW,NEW,HIGH,9274.56,0.0,0.0,0,,0.0,0.0,agent,,FEU,1,,495,0.0,0.0
,2,,,,0,,LOW,RECURRING,HIGH,24090.06,0.0,0.0,0,,0.0,0.0,agent,,FEU,3,,495,0.0,0.0
,2,,,,0,,LOW,RECURRING,HIGH,24090.06,0.0,0.0,0,,0.0,0.0,agent,,REEF,1,,495,0.0,0.0
,3,,,,0,,LOW,RECURRING,HIGH,7008.96,0.0,0.0,0,,0.0,0.0,agent,,HC,1,,495,0.0,0.0
,0,,,,0,,LOW,NEW,HIGH,10777.32,0.0,0.0,0,,0.0,0.0,agent,,TEU,1,,496,0.0,0.0
,0,,,,0,,LOW,NEW,HIGH,10777.32,0.0,0.0,0,,0.0,0.0,agent,,HC,1,,496,0.0,0.0
,1,,,,0,,LOW,NEW,HIGH,10530.17,0.0,0.0,0,,0.0,0.0,agent,,TEU,2,,496,0.0,0.0
,1,,,,0,,LOW,NEW,HIGH,10530.17,0.0,0.0,0,,0.0,0.0,agent,,HC,1,,496,0.0,0.0
,0,,,,0,,LOW,NEW,HIGH,25337.62,0.0,0.0,0,,0.0,0.0,agent,,TEU,1,,497,0.0,0.0
,0,,,,0,,LOW,NEW,HIGH,25337.62,0.0,0.0,0,,0.0,0.0,agent,,HC,2,,497,0.0,0.0
,0,,,,0,,LOW,NEW,HIGH,25337.62,0.0,0.0,0,,0.0,0.0,agent,,REEF,1,,497,0.0,0.0
,1,,,,0,,HIGH,NEW,HIGH,21379.71,0.0,0.0,0,,0.0,0.0,agent,,TEU,4,,497,0.0,0.0
,1,,,,0,,HIGH,NEW,HIGH,21379.71,0.0,0.0,0,,0.0,0.0,agent,,FEU,1,,497,0.0,0.0
,2,,,,0,,LOW,RECURRING,HIGH,6737.47,0.0,0.0,0,,0.0,0.0,agent,,HC,1,,497,0.0,0.0
,0,,,,0,,HIGH,NEW,HIGH,27313.89,0.0,0.0,0,,0.0,0.0,agent,,TEU,2,,498,0.0,0.0
,0,,,,0,,HIGH,NEW,HIGH,27313.89,0.0,0.0,0,,0.0,0.0,agent,,FEU,3,,498,0.0,0.0
,0,,,,0,,HIGH,RECURRING,HIGH,9540.03,0.0,0.0,0,,0.0,0.0,agent,,TEU,1,,499,0.0,0.0
,0,,,,0,,HIGH,RECURRING,HIGH,9540.03,0.0,0.0,0,,0.0,0.0,agent,,FEU,1,,499,0.0,0.0
,1,,,,0,,HIGH,NEW,HIGH,24926.53,0.0,0.0,0,,0.0,0.0,agent,,TEU,5,,499,0.0,0.0
,1,,,,0,,HIGH,NEW,HIGH,24926.53,0.0,0.0,0,,0.0,0.0,agent,,FEU,1,,499,0.0,0.0
,1,,,,0,,HIGH,NEW,HIGH,24926.53,0.0,0.0,0,,0.0,0.0,agent,,HC,1,,499,0.0,0.0
,2,,,,0,,LOW,NEW,HIGH,16500.75,0.0,0.0,0,,0.0,0.0,agent,,FEU,2,,499,0.0,0.0
,2,,,,0,,LOW,NEW,HIGH,16500.75,0.0,0.0,0,,0.0,0.0,agent,,HC,1,,499,0.0,0.0
,3,,,,0,,LOW,NEW,HIGH,7137.34,0.0,0.0,0,,0.0,0.0,agent,,HC,1,,499,0.0,0.0
,0,,,,0,,LOW,RECURRING,HIGH,2815.09,0.0,0.0,0,,0.0,0.0,agent,,TEU,1,,500,0.0,0.0
,1,,,,0,,LOW,RECURRING,HIGH,15087.17,0.0,0.0,0,,0.0,0.0,agent,,TEU,1,,500,0.0,0.0
,1,,,,0,,LOW,RECURRING,HIGH,15087.17,0.0,0.0,0,,0.0,0.0,agent,,REEF,1,,500,0.0,0.0
,2,,,,0,,LOW,RECURRING,HIGH,29633.44,0.0,0.0,0,,0.0,0.0,agent,,TEU,1,,500,0.0,0.0
,2,,,,0,,LOW,RECURRING,HIGH,29633.44,0.0,0.0,0,,0.0,0.0,agent,,FEU,1,,500,0.0,0.0
,2,,,,0,,LOW,RECURRING,HIGH,29633.44,0.0,0.0,0,,0.0,0.0,agent,,HC,3,,500,0.0,0.0
,3,,,,0,,LOW,NEW,HIGH,6522.29,0.0,0.0,0,,0.0,0.0,agent,,HC,1,,500,0.0,0.0
,4,,,,0,,LOW,NEW,HIGH,11280.16,0.0,0.0,0,,0.0,0.0,agent,,TEU,2,,500,0.0,0.0
,4,,,,0,,LOW,NEW,HIGH,11280.16,0.0,0.0,0,,0.0,0.0,agent,,FEU,1,,500,0.0,0.0
,0,,,,0,,LOW,RECURRING,HIGH,16213.11,0.0,0.0,0,,0.0,0.0,agent,,TEU,3,,501,0.0,0.0
,0,,,,0,,LOW,RECURRING,HIGH,16213.11,0.0,0.0,0,,0.0,0.0,agent,,REEF,1,,501,0.0,0.0
,1,,,,0,,LOW,RECURRING,HIGH,14066.9,0.0,0.0,0,,0.0,0.0,agent,,TEU,1,,501,0.0,0.0
,1,,,,0,,LOW,RECURRING,HIGH,14066.9,0.0,0.0,0,,0.0,0.0,agent,,FEU,2,,501,0.0,0.0
,2,,,,0,,LOW,NEW,HIGH,7375.19,0.0,0.0,0,,0.0,0.0,agent,,TEU,1,,501,0.0,0.0
,2,,,,0,,LOW,NEW,HIGH,7375.19,0.0,0.0,0,,0.0,0.0,agent,,FEU,1,,501,0.0,0.0
,3,,,,0,,LOW,NEW,HIGH,5181.51,0.0,0.0,0,,0.0,0.0,agent,,HC,1,,501,0.0,0.0
,4,,,,0,,HIGH,NEW,HIGH,6908.31,0.0,0.0,0,,0.0,0.0,agent,,HC,1,,501,0.0,0.0
,5,,,,0,,LOW,NEW,HIGH,13288.43,0.0,0.0,0,,0.0,0.0,agent,,TEU,3,,501,0.0,0.0
,5,,,,0,,LOW,NEW,HIGH,13288.43,0.0,0.0,0,,0.0,0.0,agent,,HC,1,,501,0.0,0.0
,0,,,,0,,HIGH,RECURRING,HIGH,6010.33,0.0,0.0,0,,0.0,0.0,agent,,HC,1,,502,0.0,0.0
,1,,,,0,,LOW,NEW,HIGH,5078.03,0.0,0.0,0,,0.0,0.0,agent,,HC,1,,502,0.0,0.0
,2,,,,0,,HIGH,RECURRING,HIGH,2943.32,0.0,0.0,0,,0.0,0.0,agent,,TEU,1,,502,0.0,0.0
,0,,,,0,,HIGH,RECURRING,HIGH,6368.49,0.0,0.0,0,,0.0,0.0,agent,,FEU,1,,503,0.0,0.0
,1,,,,0,,HIGH,RECURRING,HIGH,9112.91,0.0,0.0,0,,0.0,0.0,agent,,TEU,1,,503,0.0,0.0
,1,,,,0,,HIGH,RECURRING,HIGH,9112.91,0.0,0.0,0,,0.0,0.0,agent,,HC,1,,503,0.0,0.0
,2,,,,0,,LOW,RECURRING,HIGH,20489.97,0.0,0.0,0,,0.0,0.0,agent,,TEU,2,,503,0.0,0.0
,2,,,,0,,LOW,RECURRING,HIGH,20489.97,0.0,0.0,0,,0.0,0.0,agent,,FEU,1,,503,0.0,0.0
,2,,,,0,,LOW,RECURRING,HIGH,20489.97,0.0,0.0,0,,0.0,0.0,agent,,REEF,1,,503,0.0,0.0
